1.000000000000000000e+00
3.346645030676626553e-01
4.977351251847546010e-01
4.886475113285807526e-01
4.891539466307034401e-01
4.891257236216128290e-01
4.891272967052096021e-01
4.891272089064990780e-01
4.891272138245504886e-01
4.891272138858703267e-01
4.891272132958071062e-01
4.891272136473286958e-01
4.891272136529324910e-01
4.891272136806122939e-01
4.891272135381174446e-01
4.891272135389062026e-01
4.891272135295294254e-01
4.891272139647434569e-01
4.891272132749957535e-01
4.891272135752672279e-01
4.891272138631832522e-01
4.891272134707312924e-01
4.891272137343702364e-01
4.891272091169805991e-01
4.891272965876905521e-01
4.891257238238065352e-01
4.891539465918898766e-01
4.886475109756382440e-01
4.977351254638150424e-01
3.346645032373739004e-01
9.999999996170393368e-01
3.346629897652602104e-01
1.119998231950887213e-01
1.665735251398221539e-01
1.635322370584681995e-01
1.637017222480608436e-01
1.636922770607968369e-01
1.636928035015940697e-01
1.636927741271770043e-01
1.636927757765279934e-01
1.636927757712118570e-01
1.636927756276673751e-01
1.636927757183580523e-01
1.636927757139797768e-01
1.636927757231624592e-01
1.636927756876848106e-01
1.636927757001080397e-01
1.636927756544730994e-01
1.636927758224118179e-01
1.636927755924239836e-01
1.636927756853001070e-01
1.636927757760925362e-01
1.636927756516829979e-01
1.636927757356540225e-01
1.636927742027097510e-01
1.636928034625414474e-01
1.636922771262422360e-01
1.637017222290173268e-01
1.635322370002088577e-01
1.665735252080308704e-01
1.119998232350826323e-01
3.346629896861815223e-01
4.977618161300295108e-01
1.665832109230022118e-01
2.477535399390445314e-01
2.432300726851183426e-01
2.434821568633239730e-01
2.434681085594662120e-01
2.434688915881818294e-01
2.434688478686518609e-01
2.434688503102274693e-01
2.434688502919273301e-01
2.434688500733630245e-01
2.434688502394951326e-01
2.434688501611433353e-01
2.434688502213630257e-01
2.434688502000547650e-01
2.434688501699554808e-01
2.434688501221576318e-01
2.434688503760728540e-01
2.434688500608843953e-01
2.434688501715328302e-01
2.434688503016793071e-01
2.434688501638742342e-01
2.434688502631977836e-01
2.434688479625551627e-01
2.434688914949259542e-01
2.434681086176714582e-01
2.434821568648663503e-01
2.432300725703040734e-01
2.477535399992761567e-01
1.665832109479949696e-01
4.977618160425825167e-01
4.881677674732622374e-01
1.633724233854650654e-01
2.429782449808713940e-01
2.385419646833983609e-01
2.387891900869210937e-01
2.387754125811097361e-01
2.387761805330899101e-01
2.387761376597549445e-01
2.387761400079388974e-01
2.387761400208070206e-01
2.387761398499276544e-01
2.387761400009445201e-01
2.387761398727791251e-01
2.387761399553248176e-01
2.387761399915111216e-01
2.387761398942724878e-01
2.387761398095976650e-01
2.387761401447255349e-01
2.387761398158351478e-01
2.387761398754737752e-01
2.387761400009572321e-01
2.387761399175494792e-01
2.387761400147453139e-01
2.387761377255943340e-01
2.387761804339674221e-01
2.387754126237904839e-01
2.387891901704884412e-01
2.385419646251312198e-01
2.429782449655107923e-01
1.633724234516749918e-01
4.881677674671836553e-01
4.977618160341533704e-01
1.665832109051952614e-01
2.477535400159278922e-01
2.432300726225912479e-01
2.434821568168939743e-01
2.434681085856915672e-01
2.434688915976606083e-01
2.434688478436480286e-01
2.434688502883578798e-01
2.434688502583735037e-01
2.434688501350582290e-01
2.434688502528907228e-01
2.434688501090105095e-01
2.434688502347329975e-01
2.434688502490815754e-01
2.434688501682042983e-01
2.434688500597928795e-01
2.434688504382315766e-01
2.434688501084410206e-01
2.434688501099988023e-01
2.434688502818342648e-01
2.434688502015807665e-01
2.434688502509123886e-01
2.434688480025064827e-01
2.434688914695741224e-01
2.434681085476657070e-01
2.434821569267532348e-01
2.432300726252090983e-01
2.477535399128231453e-01
1.665832109363011848e-01
4.977618161238741012e-01
3.346629896761406098e-01
1.119998232160114432e-01
1.665735252169171787e-01
1.635322370219298715e-01
1.637017222124872717e-01
1.636922770979012953e-01
1.636928035566387329e-01
1.636927741078626486e-01
1.636927757723675714e-01
1.636927757363855207e-01
1.636927756610871143e-01
1.636927757437470488e-01
1.636927756316886307e-01
1.636927757210481227e-01
1.636927757526998317e-01
1.636927756624356467e-01
1.636927755869472811e-01
1.636927758655126464e-01
1.636927756268470868e-01
1.636927756499018949e-01
1.636927757433711272e-01
1.636927757092888902e-01
1.636927757373792813e-01
1.636927742190181501e-01
1.636928034611419003e-01
1.636922770530360172e-01
1.637017222966658803e-01
1.635322370882957843e-01
1.665735250975049764e-01
1.119998232397066140e-01
3.346629897560373657e-01
9.999999995123574070e-01
3.346645032239810025e-01
4.977351254932912972e-01
4.886475110632668151e-01
4.891539464729437459e-01
4.891257237592311347e-01
4.891272968101285645e-01
4.891272089406333845e-01
4.891272137394480080e-01
4.891272136531096271e-01
4.891272135640430396e-01
4.891272137939645104e-01
4.891272133452903015e-01
4.891272136340447663e-01
4.891272138390958535e-01
4.891272135075071525e-01
4.891272132618101898e-01
4.891272140502647137e-01
4.891272135148299616e-01
4.891272134146280592e-01
4.891272136909632917e-01
4.891272136738919474e-01
4.891272137370111239e-01
4.891272091425524216e-01
4.891272965161687636e-01
4.891257236456582613e-01
4.891539467532544649e-01
4.886475112306182256e-01
4.977351251172251190e-01
3.346645032300381573e-01
9.999999998905009235e-01
