1.000000000000000000e+00
3.346645056632413517e-01
4.977351290098305792e-01
4.886475150069772844e-01
4.891539503898884034e-01
4.891257218552910735e-01
4.891272904102718644e-01
4.891272060186079296e-01
4.891272126236088647e-01
4.891272162368703325e-01
4.891272197395330479e-01
4.891272190668667919e-01
4.891272184470732975e-01
4.891272164693334368e-01
4.891272131748810592e-01
4.891272099960765618e-01
4.891272077979381683e-01
4.891272082032160906e-01
4.891272100314912330e-01
4.891272138403597869e-01
4.891272179956691057e-01
4.891272176768650115e-01
4.891272170268003983e-01
4.891272196172202769e-01
4.891272182575683303e-01
4.891272167730656428e-01
4.891272153863604477e-01
4.891272133872787142e-01
4.891272119185540168e-01
4.891272111244011622e-01
4.891272104096850426e-01
4.891272097453447931e-01
4.891272086498360538e-01
4.891272088461210421e-01
4.891272112266598082e-01
4.891272157563907874e-01
4.891272171387262557e-01
4.891272172237315918e-01
4.891272184054343275e-01
4.891272177848531300e-01
4.891272183131594176e-01
4.891272173513714905e-01
4.891272127853599216e-01
4.891272124038318347e-01
4.891272117937985331e-01
4.891272105541421555e-01
4.891272107231592337e-01
4.891272095948239196e-01
4.891272108834238685e-01
4.891272108344010827e-01
4.891272143604820655e-01
4.891272174897968172e-01
4.891272160369066202e-01
4.891272173972079362e-01
4.891272171468198371e-01
4.891272184870691375e-01
4.891272169074581400e-01
4.891272148810775766e-01
4.891272157976589430e-01
4.891272128540700703e-01
4.891272101871920741e-01
4.891272068299566955e-01
4.891272066746539249e-01
4.891272106389542018e-01
4.891272111441963277e-01
4.891272151839703985e-01
4.891272168310796808e-01
4.891272179708501811e-01
4.891272199463726489e-01
4.891272195536232603e-01
4.891272193426450254e-01
4.891272197829792390e-01
4.891272157029251666e-01
4.891272150128075924e-01
4.891272134552943074e-01
4.891272136380490076e-01
4.891272121359495628e-01
4.891272080555030821e-01
4.891272086161295163e-01
4.891272087073760821e-01
4.891272092953907746e-01
4.891272125933868176e-01
4.891272138812743364e-01
4.891272143672322770e-01
4.891272160876950492e-01
4.891272159870103109e-01
4.891272169121902991e-01
4.891272167264833493e-01
4.891272151162581738e-01
4.891272155123270737e-01
4.891272152017785979e-01
4.891272154796124094e-01
4.891272161675013774e-01
4.891272135074415384e-01
4.891272133168114156e-01
4.891272119395798090e-01
4.891272121604539058e-01
4.891272116187017072e-01
4.891272077812518493e-01
4.891272093660745668e-01
4.891272125821537475e-01
4.891272148146292298e-01
4.891272177911870633e-01
4.891272168356904371e-01
4.891272137431955103e-01
4.891272151919949795e-01
4.891272146482126271e-01
4.891272146852249092e-01
4.891272179212013405e-01
4.891272190572605871e-01
4.891272145700331642e-01
4.891272130119282968e-01
4.891272123395351556e-01
4.891272085131611602e-01
4.891272067625403452e-01
4.891272067726167294e-01
4.891272109756216180e-01
4.891272172695935172e-01
4.891272224518849465e-01
4.891272201339804115e-01
4.891273046911092104e-01
4.891257302182228095e-01
4.891539490652679900e-01
4.886475094626941962e-01
4.977351227529749345e-01
3.346644995483629703e-01
1.000000001778803549e+00
3.346645031275926052e-01
1.120003304160135382e-01
1.665742797124515895e-01
1.635329778493029018e-01
1.637024637635444702e-01
1.636930166066960790e-01
1.636935415956126405e-01
1.636935134044161244e-01
1.636935156584461981e-01
1.636935167698617133e-01
1.636935179525375317e-01
1.636935176670229197e-01
1.636935175960521627e-01
1.636935169641035026e-01
1.636935157481873571e-01
1.636935146293938270e-01
1.636935138802755318e-01
1.636935141649304981e-01
1.636935146595703550e-01
1.636935159524888217e-01
1.636935173739572924e-01
1.636935172563231677e-01
1.636935171249375431e-01
1.636935179578735133e-01
1.636935174161765760e-01
1.636935169721064343e-01
1.636935166332827152e-01
1.636935159279153396e-01
1.636935152566299234e-01
1.636935150689904084e-01
1.636935148992987310e-01
1.636935145306516182e-01
1.636935143482566579e-01
1.636935144153909005e-01
1.636935151715810111e-01
1.636935166166204325e-01
1.636935171041534465e-01
1.636935171587274862e-01
1.636935175030249934e-01
1.636935173656409725e-01
1.636935174340187760e-01
1.636935171413584078e-01
1.636935156591287355e-01
1.636935155867801917e-01
1.636935152804191440e-01
1.636935150078373813e-01
1.636935148295638187e-01
1.636935145168527117e-01
1.636935150769099623e-01
1.636935150738868250e-01
1.636935161973150088e-01
1.636935172762947477e-01
1.636935168844136645e-01
1.636935172586473641e-01
1.636935171936606537e-01
1.636935175243925122e-01
1.636935170640919646e-01
1.636935165114279389e-01
1.636935166588826263e-01
1.636935156040145167e-01
1.636935147227377707e-01
1.636935136135198032e-01
1.636935134888616306e-01
1.636935148682605035e-01
1.636935151325122073e-01
1.636935165281203641e-01
1.636935169705089343e-01
1.636935174162199857e-01
1.636935180279724122e-01
1.636935178652682843e-01
1.636935179029933296e-01
1.636935180774259646e-01
1.636935166041985912e-01
1.636935164737636506e-01
1.636935157891702408e-01
1.636935159713302779e-01
1.636935154661054992e-01
1.636935140518332443e-01
1.636935142036330393e-01
1.636935143056431341e-01
1.636935146390982587e-01
1.636935154470298415e-01
1.636935161748017120e-01
1.636935162343232386e-01
1.636935168071541047e-01
1.636935166180349677e-01
1.636935171188129701e-01
1.636935168770907723e-01
1.636935164895479133e-01
1.636935165555302440e-01
1.636935165204125853e-01
1.636935165258064651e-01
1.636935167402116809e-01
1.636935159598487122e-01
1.636935158963954973e-01
1.636935155105830042e-01
1.636935153974809209e-01
1.636935152965192375e-01
1.636935140918738540e-01
1.636935144263734210e-01
1.636935155698308331e-01
1.636935164590801739e-01
1.636935173044637148e-01
1.636935169592279027e-01
1.636935160358122809e-01
1.636935164665419273e-01
1.636935161624994417e-01
1.636935162720531689e-01
1.636935174663499692e-01
1.636935176944207815e-01
1.636935161792389126e-01
1.636935158299492876e-01
1.636935154652078561e-01
1.636935143177028484e-01
1.636935137164020615e-01
1.636935136658485279e-01
1.636935150447745568e-01
1.636935171786973453e-01
1.636935188643141581e-01
1.636935181238588222e-01
1.636935464692824693e-01
1.636930195921056930e-01
1.637024632329655283e-01
1.635329759468364119e-01
1.665742774289853401e-01
1.120003285331802878e-01
3.346645037763041342e-01
4.977351254905134081e-01
1.665742797405937170e-01
2.477402570462551024e-01
2.432170323758790220e-01
2.434691029998078682e-01
2.434550525211565675e-01
2.434558332651916568e-01
2.434557913774643978e-01
2.434557946241314996e-01
2.434557961556672312e-01
2.434557979615677159e-01
2.434557977878484825e-01
2.434557973683872667e-01
2.434557964984974954e-01
2.434557947710663250e-01
2.434557931274260456e-01
2.434557920203100634e-01
2.434557924011108709e-01
2.434557931748422832e-01
2.434557952306103390e-01
2.434557971319511183e-01
2.434557969641154840e-01
2.434557969004421674e-01
2.434557979567848474e-01
2.434557972833472916e-01
2.434557966571406218e-01
2.434557960997501824e-01
2.434557951013440191e-01
2.434557942429146360e-01
2.434557935398141137e-01
2.434557935589296007e-01
2.434557930561482009e-01
2.434557926872254752e-01
2.434557927688335566e-01
2.434557940453863922e-01
2.434557959173113684e-01
2.434557967683381174e-01
2.434557968726748511e-01
2.434557974521972812e-01
2.434557971391260456e-01
2.434557973889558691e-01
2.434557968904329794e-01
2.434557946771452042e-01
2.434557945325249995e-01
2.434557940832493828e-01
2.434557936893197161e-01
2.434557935171120513e-01
2.434557929597643555e-01
2.434557936937657430e-01
2.434557937672407468e-01
2.434557955077013280e-01
2.434557971219568906e-01
2.434557965446123851e-01
2.434557969987975468e-01
2.434557970536711802e-01
2.434557974593376806e-01
2.434557967639182918e-01
2.434557960780313612e-01
2.434557962750831528e-01
2.434557944615351466e-01
2.434557931676347708e-01
2.434557915680220785e-01
2.434557912922780398e-01
2.434557935685558727e-01
2.434557939903635726e-01
2.434557959318584541e-01
2.434557966557031605e-01
2.434557974073000008e-01
2.434557982349633276e-01
2.434557978911570109e-01
2.434557981161985518e-01
2.434557983271190829e-01
2.434557961174816099e-01
2.434557958658026267e-01
2.434557948209255807e-01
2.434557951249660956e-01
2.434557943680486225e-01
2.434557922810094699e-01
2.434557925235969755e-01
2.434557925613901330e-01
2.434557933706912036e-01
2.434557942321342872e-01
2.434557953841279543e-01
2.434557955408421792e-01
2.434557963404740955e-01
2.434557959744151068e-01
2.434557967789203192e-01
2.434557965278540403e-01
2.434557959399106797e-01
2.434557959034049368e-01
2.434557961213472399e-01
2.434557960878893923e-01
2.434557962243938944e-01
2.434557951959472610e-01
2.434557952065152520e-01
2.434557943933094715e-01
2.434557941647140233e-01
2.434557941776977208e-01
2.434557923603859197e-01
2.434557927876022099e-01
2.434557944977101540e-01
2.434557958819741352e-01
2.434557970954218664e-01
2.434557965233426213e-01
2.434557952765309397e-01
2.434557959144832417e-01
2.434557954988776363e-01
2.434557956640514831e-01
2.434557973662744845e-01
2.434557975756015957e-01
2.434557955038785526e-01
2.434557949439761226e-01
2.434557944103284688e-01
2.434557925685143509e-01
2.434557918898339612e-01
2.434557918097712548e-01
2.434557937145014339e-01
2.434557970198110433e-01
2.434557996179825823e-01
2.434557983409716131e-01
2.434558405937205516e-01
2.434550569784887653e-01
2.434691020004248752e-01
2.432170294380125442e-01
2.477402537364034318e-01
1.665742768424141595e-01
4.977351263599480991e-01
4.886475111815025696e-01
1.635329778552541413e-01
2.432170320604093439e-01
2.387763922493409130e-01
2.390238604078686324e-01
2.390100666682513364e-01
2.390108330733451136e-01
2.390107920955345522e-01
2.390107950322804542e-01
2.390107965962191272e-01
2.390107983468887920e-01
2.390107982943160680e-01
2.390107979869128541e-01
2.390107969116809505e-01
2.390107951938214015e-01
2.390107938157170486e-01
2.390107926245036707e-01
2.390107929613859428e-01
2.390107939180586283e-01
2.390107958383888287e-01
2.390107977159467989e-01
2.390107971552183908e-01
2.390107976670649004e-01
2.390107981868483389e-01
2.390107977573299458e-01
2.390107971218787264e-01
2.390107965711770477e-01
2.390107957216167367e-01
2.390107946925505988e-01
2.390107939600405740e-01
2.390107941136071779e-01
2.390107936426302537e-01
2.390107931663846275e-01
2.390107934907431397e-01
2.390107945933118982e-01
2.390107963689329929e-01
2.390107971909172790e-01
2.390107973885362280e-01
2.390107977358331137e-01
2.390107977770849768e-01
2.390107978305533731e-01
2.390107972177832885e-01
2.390107953114930239e-01
2.390107951845883150e-01
2.390107946600071587e-01
2.390107942405248764e-01
2.390107940772356887e-01
2.390107935736033307e-01
2.390107941962993365e-01
2.390107943933594548e-01
2.390107960315649427e-01
2.390107975011493691e-01
2.390107972134068448e-01
2.390107973833802413e-01
2.390107975084651559e-01
2.390107979849338538e-01
2.390107973328756963e-01
2.390107967604269967e-01
2.390107967369817510e-01
2.390107950209066912e-01
2.390107937158506002e-01
2.390107921404739655e-01
2.390107917982718377e-01
2.390107942886814663e-01
2.390107946004297601e-01
2.390107964853561695e-01
2.390107970378722302e-01
2.390107979010263062e-01
2.390107986481898872e-01
2.390107981281203720e-01
2.390107987380466759e-01
2.390107987810144441e-01
2.390107965682362334e-01
2.390107964255538953e-01
2.390107951765958749e-01
2.390107955600224432e-01
2.390107948192981280e-01
2.390107927761518092e-01
2.390107930370898304e-01
2.390107931655722495e-01
2.390107939590334352e-01
2.390107946402715011e-01
2.390107959788418113e-01
2.390107961584417018e-01
2.390107967819412593e-01
2.390107965161529791e-01
2.390107970980280272e-01
2.390107969697925772e-01
2.390107965735575879e-01
2.390107962155114119e-01
2.390107967295821700e-01
2.390107964596386858e-01
2.390107966896551916e-01
2.390107957120765347e-01
2.390107958470715499e-01
2.390107949316130076e-01
2.390107946114951309e-01
2.390107948181551534e-01
2.390107930656813484e-01
2.390107932251247236e-01
2.390107950924871549e-01
2.390107964466596235e-01
2.390107975570152088e-01
2.390107970443823837e-01
2.390107956733186212e-01
2.390107963550878178e-01
2.390107957557265905e-01
2.390107961949227144e-01
2.390107979543869277e-01
2.390107978885785411e-01
2.390107960703257983e-01
2.390107956927279564e-01
2.390107948169335195e-01
2.390107931729380242e-01
2.390107926607953071e-01
2.390107925561329727e-01
2.390107943306619132e-01
2.390107973116686324e-01
2.390108000268547361e-01
2.390107988646877624e-01
2.390108403667017267e-01
2.390100710285745778e-01
2.390238594650933024e-01
2.387763892719717562e-01
2.432170289779525818e-01
1.635329750258806003e-01
4.886475119224106267e-01
4.891539466532213720e-01
1.637024639213591759e-01
2.434691026216783960e-01
2.390238608772870810e-01
2.392715850700312397e-01
2.392577774910440713e-01
2.392585446145100436e-01
2.392585033338094080e-01
2.392585062244620142e-01
2.392585076502270758e-01
2.392585095309916754e-01
2.392585095979490317e-01
2.392585094317553063e-01
2.392585081985053597e-01
2.392585065786768384e-01
2.392585050539605684e-01
2.392585040985123201e-01
2.392585041678563507e-01
2.392585053149867691e-01
2.392585073970262544e-01
2.392585090452029328e-01
2.392585085417664459e-01
2.392585091339810566e-01
2.392585095049404864e-01
2.392585089399451026e-01
2.392585085982309734e-01
2.392585077917520620e-01
2.392585070339302844e-01
2.392585059204320741e-01
2.392585052580128713e-01
2.392585054000556655e-01
2.392585049815250386e-01
2.392585044426510654e-01
2.392585048658943947e-01
2.392585060469327174e-01
2.392585077387602011e-01
2.392585086350411672e-01
2.392585087613390282e-01
2.392585088933556203e-01
2.392585091245975626e-01
2.392585091668970043e-01
2.392585085427786085e-01
2.392585067168058466e-01
2.392585066165346663e-01
2.392585060319331602e-01
2.392585054158464231e-01
2.392585056051350634e-01
2.392585048947156456e-01
2.392585053491570746e-01
2.392585056942926891e-01
2.392585072884553798e-01
2.392585088091509216e-01
2.392585086164143449e-01
2.392585088091298551e-01
2.392585090828542316e-01
2.392585091360208138e-01
2.392585088595070020e-01
2.392585081796114732e-01
2.392585079707591489e-01
2.392585064126580285e-01
2.392585049803233888e-01
2.392585034376079056e-01
2.392585031329902134e-01
2.392585054666140909e-01
2.392585059691562377e-01
2.392585078851180991e-01
2.392585084281732555e-01
2.392585090389535707e-01
2.392585099919531666e-01
2.392585094217245523e-01
2.392585100395320796e-01
2.392585101592865915e-01
2.392585080293771760e-01
2.392585076065057437e-01
2.392585066067944854e-01
2.392585069364669970e-01
2.392585062051496847e-01
2.392585040665197171e-01
2.392585043026792813e-01
2.392585045828556078e-01
2.392585051921645445e-01
2.392585061198873875e-01
2.392585072903942178e-01
2.392585076674780820e-01
2.392585081100543076e-01
2.392585078138175780e-01
2.392585083832558801e-01
2.392585083981121352e-01
2.392585078874001348e-01
2.392585075527311200e-01
2.392585080430175426e-01
2.392585079816093863e-01
2.392585080225951844e-01
2.392585071545750564e-01
2.392585072358078269e-01
2.392585061657256651e-01
2.392585059106518974e-01
2.392585060148792464e-01
2.392585044450998011e-01
2.392585045553423106e-01
2.392585063894358821e-01
2.392585077956695672e-01
2.392585089202228510e-01
2.392585082049804857e-01
2.392585072686300718e-01
2.392585076723623971e-01
2.392585072168699756e-01
2.392585075187183552e-01
2.392585093219977421e-01
2.392585093000184904e-01
2.392585074062225647e-01
2.392585069778051243e-01
2.392585059404917780e-01
2.392585044905019276e-01
2.392585040336713820e-01
2.392585040246083261e-01
2.392585055662600491e-01
2.392585086082778256e-01
2.392585112953845294e-01
2.392585102572681310e-01
2.392585518251933718e-01
2.392577815434618893e-01
2.392715844530767522e-01
2.390238576037277685e-01
2.434690998989025856e-01
1.637024609222743898e-01
4.891539472390388776e-01
4.891257237770784694e-01
1.636930188135450881e-01
2.434550551592364609e-01
2.390100698902693221e-01
2.392577796025059655e-01
2.392439731397605351e-01
2.392447403047567034e-01
2.392446986992749491e-01
2.392447017895477923e-01
2.392447031167178884e-01
2.392447050423802402e-01
2.392447051137993053e-01
2.392447051819360515e-01
2.392447037830553458e-01
2.392447020739712216e-01
2.392447007303909468e-01
2.392446996334362808e-01
2.392446996808762771e-01
2.392447009043448813e-01
2.392447030450643441e-01
2.392447044474473872e-01
2.392447039837721501e-01
2.392447047408783889e-01
2.392447048909827900e-01
2.392447045217313273e-01
2.392447041566949373e-01
2.392447031647818023e-01
2.392447027207821320e-01
2.392447015024768975e-01
2.392447007768556400e-01
2.392447009438452288e-01
2.392447005487720879e-01
2.392446999526909868e-01
2.392447006303345947e-01
2.392447015246716158e-01
2.392447032768736659e-01
2.392447042077039121e-01
2.392447043860766731e-01
2.392447043983997601e-01
2.392447045634758795e-01
2.392447045883871193e-01
2.392447041199755597e-01
2.392447023232170122e-01
2.392447021451737377e-01
2.392447017217520788e-01
2.392447008816953602e-01
2.392447010536315755e-01
2.392447004516364828e-01
2.392447007783603530e-01
2.392447011945353086e-01
2.392447028509541163e-01
2.392447042945169966e-01
2.392447042546497760e-01
2.392447042599297469e-01
2.392447048085936112e-01
2.392447047010693439e-01
2.392447045597020927e-01
2.392447037072377714e-01
2.392447034981615428e-01
2.392447018403110470e-01
2.392447005241212510e-01
2.392446987588758567e-01
2.392446987970090477e-01
2.392447007885527832e-01
2.392447016325121578e-01
2.392447033499223996e-01
2.392447039032464251e-01
2.392447045027308872e-01
2.392447054133556017e-01
2.392447048757244399e-01
2.392447056244255410e-01
2.392447055508098996e-01
2.392447035627234264e-01
2.392447028854129965e-01
2.392447021132642071e-01
2.392447022940581702e-01
2.392447014797701721e-01
2.392446996991885733e-01
2.392446997635314376e-01
2.392447002288796976e-01
2.392447005335218979e-01
2.392447018506646816e-01
2.392447027549011174e-01
2.392447030958709531e-01
2.392447036512621861e-01
2.392447034967523645e-01
2.392447038711205398e-01
2.392447038103976131e-01
2.392447034046948640e-01
2.392447030691352838e-01
2.392447034539061101e-01
2.392447035236769104e-01
2.392447034869158995e-01
2.392447027159222139e-01
2.392447026865306414e-01
2.392447015803228216e-01
2.392447015289328460e-01
2.392447013750708396e-01
2.392446998733375740e-01
2.392447002037360604e-01
2.392447019085054971e-01
2.392447032832601683e-01
2.392447043468430012e-01
2.392447037357269268e-01
2.392447029070286779e-01
2.392447028993657243e-01
2.392447026697083756e-01
2.392447030355755178e-01
2.392447048484228622e-01
2.392447049021472760e-01
2.392447029942508796e-01
2.392447024973429204e-01
2.392447012847277454e-01
2.392447000281506253e-01
2.392446996442443852e-01
2.392446995227293927e-01
2.392447011918115429e-01
2.392447040524664781e-01
2.392447066660721988e-01
2.392447057223610341e-01
2.392447472968254607e-01
2.392439769279981754e-01
2.392577792284991400e-01
2.390100665980067207e-01
2.434550524235410407e-01
1.636930157291333343e-01
4.891257244720056963e-01
4.891272965087821722e-01
1.636935451574950962e-01
2.434558379641162118e-01
2.390108382903297912e-01
2.392585488319784737e-01
2.392447423197349154e-01
2.392455099177307476e-01
2.392454680444518478e-01
2.392454710576772670e-01
2.392454722756233720e-01
2.392454742794772049e-01
2.392454743882837520e-01
2.392454745040870911e-01
2.392454731209889551e-01
2.392454711536371736e-01
2.392454700481728980e-01
2.392454690637958459e-01
2.392454687834105476e-01
2.392454702891155804e-01
2.392454725393206860e-01
2.392454737220440220e-01
2.392454732427268804e-01
2.392454742175199045e-01
2.392454741420905751e-01
2.392454737431788658e-01
2.392454735363939156e-01
2.392454722307391368e-01
2.392454719943261920e-01
2.392454708475006131e-01
2.392454700303039139e-01
2.392454700847983229e-01
2.392454699993354916e-01
2.392454691970234137e-01
2.392454700196846029e-01
2.392454709898607368e-01
2.392454725753134226e-01
2.392454735372322727e-01
2.392454737103184570e-01
2.392454735956613954e-01
2.392454738959257088e-01
2.392454737811272880e-01
2.392454733986654480e-01
2.392454716445865659e-01
2.392454714704302654e-01
2.392454709068755625e-01
2.392454701334988942e-01
2.392454702535513067e-01
2.392454699246539251e-01
2.392454698434966220e-01
2.392454704792322806e-01
2.392454720248184952e-01
2.392454733915201637e-01
2.392454735940479083e-01
2.392454736230161527e-01
2.392454744212300921e-01
2.392454742421956104e-01
2.392454740779000333e-01
2.392454728879833681e-01
2.392454728954500620e-01
2.392454711548567259e-01
2.392454697989158663e-01
2.392454679699650422e-01
2.392454681934102489e-01
2.392454699689539332e-01
2.392454708194368118e-01
2.392454723974568320e-01
2.392454731590119010e-01
2.392454737559676081e-01
2.392454746744245575e-01
2.392454742253165012e-01
2.392454749183854645e-01
2.392454748454425628e-01
2.392454731482893115e-01
2.392454722170117287e-01
2.392454714581916941e-01
2.392454714375760461e-01
2.392454707496630695e-01
2.392454691093462704e-01
2.392454692077589928e-01
2.392454696130437986e-01
2.392454697380547446e-01
2.392454712224010849e-01
2.392454722518420063e-01
2.392454724237836061e-01
2.392454730932353779e-01
2.392454729942577185e-01
2.392454731613699037e-01
2.392454731640079324e-01
2.392454725829231965e-01
2.392454723757769519e-01
2.392454727096088862e-01
2.392454729283412795e-01
2.392454725924558767e-01
2.392454721491666381e-01
2.392454718775963163e-01
2.392454709672655888e-01
2.392454707721847762e-01
2.392454705006308580e-01
2.392454690380913518e-01
2.392454697090762583e-01
2.392454713889575479e-01
2.392454726214078842e-01
2.392454738116187030e-01
2.392454731698974157e-01
2.392454722825800295e-01
2.392454720752872632e-01
2.392454721594432232e-01
2.392454724151987788e-01
2.392454742126408629e-01
2.392454743602327460e-01
2.392454722870270278e-01
2.392454718098321886e-01
2.392454704261945675e-01
2.392454692851567200e-01
2.392454689800480594e-01
2.392454688543952379e-01
2.392454704273122013e-01
2.392454733192387328e-01
2.392454758517714164e-01
2.392454749618926901e-01
2.392455165835749298e-01
2.392447462478081432e-01
2.392585486160577757e-01
2.390108351103976125e-01
2.434558354120678891e-01
1.636935420917072226e-01
4.891272972297093236e-01
4.891272086150611487e-01
1.636935158301540960e-01
2.434557944703007737e-01
2.390107953853403966e-01
2.392585059084161303e-01
2.392446993852216652e-01
2.392454672809863625e-01
2.392454252353366229e-01
2.392454280460152016e-01
2.392454293759541106e-01
2.392454313387991083e-01
2.392454316500383371e-01
2.392454317589609858e-01
2.392454304099248530e-01
2.392454282518688691e-01
2.392454271940868960e-01
2.392454262315117375e-01
2.392454257998631595e-01
2.392454272511698177e-01
2.392454297387890672e-01
2.392454308289477805e-01
2.392454303538848193e-01
2.392454314280531291e-01
2.392454311400079026e-01
2.392454308640517557e-01
2.392454306864551239e-01
2.392454293299444423e-01
2.392454291358839802e-01
2.392454281674818994e-01
2.392454272023069317e-01
2.392454272176247621e-01
2.392454271541678834e-01
2.392454264258527530e-01
2.392454272048138986e-01
2.392454280775797859e-01
2.392454296702030137e-01
2.392454305539161441e-01
2.392454308560403864e-01
2.392454307534834790e-01
2.392454310310774268e-01
2.392454307264244295e-01
2.392454303179445130e-01
2.392454289968834191e-01
2.392454288440723220e-01
2.392454280583718451e-01
2.392454271331821702e-01
2.392454272225827960e-01
2.392454269507600095e-01
2.392454268638954940e-01
2.392454276036383998e-01
2.392454290312996668e-01
2.392454305182957763e-01
2.392454308064057844e-01
2.392454306294438948e-01
2.392454317562744681e-01
2.392454315291647204e-01
2.392454314624690159e-01
2.392454299059137424e-01
2.392454299254798689e-01
2.392454281792973925e-01
2.392454268275580609e-01
2.392454249393791976e-01
2.392454253671067455e-01
2.392454269776468356e-01
2.392454278648032673e-01
2.392454294131460824e-01
2.392454303720532860e-01
2.392454308196698687e-01
2.392454317163866806e-01
2.392454313649230446e-01
2.392454320854991712e-01
2.392454317073202108e-01
2.392454302171073965e-01
2.392454293499610141e-01
2.392454286741665381e-01
2.392454283445684948e-01
2.392454278217276964e-01
2.392454261487987621e-01
2.392454263508203560e-01
2.392454266985249156e-01
2.392454268436316478e-01
2.392454283406629245e-01
2.392454295141120402e-01
2.392454296966620986e-01
2.392454302155179180e-01
2.392454302388940801e-01
2.392454303093501100e-01
2.392454301008836437e-01
2.392454296092321464e-01
2.392454294280177696e-01
2.392454297619819592e-01
2.392454300494812336e-01
2.392454297008486663e-01
2.392454293424873257e-01
2.392454288186402489e-01
2.392454282020894940e-01
2.392454280001978517e-01
2.392454275660101659e-01
2.392454260376430386e-01
2.392454270016868001e-01
2.392454284565345701e-01
2.392454298959427184e-01
2.392454309026948445e-01
2.392454302170695379e-01
2.392454295315881996e-01
2.392454289654711852e-01
2.392454292937007398e-01
2.392454295788319640e-01
2.392454313603797622e-01
2.392454313539897903e-01
2.392454293804633370e-01
2.392454288129046147e-01
2.392454273371264206e-01
2.392454262443392543e-01
2.392454262496706563e-01
2.392454260638093577e-01
2.392454275339062908e-01
2.392454300893731844e-01
2.392454328615040426e-01
2.392454320591258232e-01
2.392454737216405392e-01
2.392447033590731353e-01
2.392585056599611792e-01
2.390107923368045284e-01
2.434557917036076491e-01
1.636935126281466590e-01
4.891272095258190067e-01
4.891272133813469591e-01
1.636935174728286480e-01
2.434557970445625774e-01
2.390107977470770362e-01
2.392585082362798932e-01
2.392447017698439704e-01
2.392454697800538155e-01
2.392454277204692226e-01
2.392454303522073833e-01
2.392454315946423993e-01
2.392454336716365870e-01
2.392454339894757587e-01
2.392454341655743111e-01
2.392454326122675778e-01
2.392454306432479361e-01
2.392454293630001949e-01
2.392454286816090014e-01
2.392454281202344712e-01
2.392454296586193074e-01
2.392454322040934167e-01
2.392454331968859871e-01
2.392454328738440328e-01
2.392454337672057507e-01
2.392454333501382313e-01
2.392454331372978193e-01
2.392454330318487254e-01
2.392454317357776417e-01
2.392454315403788889e-01
2.392454306567273481e-01
2.392454294878164911e-01
2.392454295809247622e-01
2.392454295797289687e-01
2.392454289231776277e-01
2.392454296884660436e-01
2.392454304831840295e-01
2.392454321755286550e-01
2.392454328726012214e-01
2.392454332122701810e-01
2.392454331904656228e-01
2.392454333519526688e-01
2.392454330033534360e-01
2.392454326883781679e-01
2.392454316141408854e-01
2.392454311225143682e-01
2.392454305064933007e-01
2.392454294658133696e-01
2.392454296667526070e-01
2.392454293569299117e-01
2.392454291916259745e-01
2.392454299239981930e-01
2.392454311142161727e-01
2.392454328545263187e-01
2.392454332304754239e-01
2.392454329458932327e-01
2.392454342417647539e-01
2.392454340595978890e-01
2.392454340003497548e-01
2.392454324147395284e-01
2.392454322187882176e-01
2.392454305228398082e-01
2.392454291073220496e-01
2.392454273474560467e-01
2.392454278888301034e-01
2.392454293585830893e-01
2.392454301518987525e-01
2.392454318060783514e-01
2.392454327880990939e-01
2.392454331060514527e-01
2.392454340460755668e-01
2.392454337829948985e-01
2.392454345838243290e-01
2.392454339765213434e-01
2.392454327671154901e-01
2.392454318607545316e-01
2.392454311920034493e-01
2.392454305970919126e-01
2.392454303094718737e-01
2.392454286212170322e-01
2.392454287393619705e-01
2.392454291769502694e-01
2.392454293267318455e-01
2.392454308893534609e-01
2.392454320061111472e-01
2.392454323199075528e-01
2.392454326886623572e-01
2.392454327967941941e-01
2.392454328358328552e-01
2.392454325092606415e-01
2.392454321225605252e-01
2.392454319319418377e-01
2.392454323741873279e-01
2.392454322630441221e-01
2.392454322628667363e-01
2.392454318399312441e-01
2.392454311982794013e-01
2.392454307117259371e-01
2.392454303874098631e-01
2.392454298777578758e-01
2.392454285219215715e-01
2.392454296090291699e-01
2.392454308351926184e-01
2.392454324623603246e-01
2.392454334149577977e-01
2.392454326572600320e-01
2.392454321207819201e-01
2.392454312892485502e-01
2.392454316877582476e-01
2.392454320651828947e-01
2.392454337793051555e-01
2.392454338046012818e-01
2.392454317302857569e-01
2.392454311301163150e-01
2.392454294099862211e-01
2.392454286876667946e-01
2.392454287093422616e-01
2.392454284757682959e-01
2.392454297462690005e-01
2.392454322136488842e-01
2.392454351871197982e-01
2.392454345319963427e-01
2.392454762472734087e-01
2.392447057345172823e-01
2.392585079228838063e-01
2.390107945618021867e-01
2.434557942121022001e-01
1.636935143341591292e-01
4.891272143600028377e-01
4.891272130186173350e-01
1.636935174066988241e-01
2.434557969470293459e-01
2.390107974945033520e-01
2.392585081105575162e-01
2.392447016868541609e-01
2.392454697392331353e-01
2.392454275812970488e-01
2.392454301380310122e-01
2.392454314808533100e-01
2.392454337116414753e-01
2.392454338665584712e-01
2.392454339974736111e-01
2.392454324136654986e-01
2.392454306055963875e-01
2.392454291410371359e-01
2.392454285613870579e-01
2.392454280155919821e-01
2.392454294433032369e-01
2.392454320580248706e-01
2.392454330353888936e-01
2.392454326791951802e-01
2.392454335357308282e-01
2.392454330200584067e-01
2.392454329455404316e-01
2.392454329048355754e-01
2.392454315338982673e-01
2.392454314536985871e-01
2.392454307723403673e-01
2.392454291996151117e-01
2.392454294376185620e-01
2.392454294675477600e-01
2.392454290200131117e-01
2.392454296967319038e-01
2.392454303697438001e-01
2.392454321397640138e-01
2.392454325857056030e-01
2.392454329882933439e-01
2.392454331629075281e-01
2.392454330461952772e-01
2.392454329055727913e-01
2.392454324052742110e-01
2.392454316635993505e-01
2.392454308702856303e-01
2.392454304516108410e-01
2.392454293886018268e-01
2.392454292831182883e-01
2.392454292862163934e-01
2.392454289709260717e-01
2.392454298065029572e-01
2.392454309091160691e-01
2.392454326201679249e-01
2.392454330507687021e-01
2.392454328690942211e-01
2.392454341466544732e-01
2.392454341584633326e-01
2.392454339062556612e-01
2.392454324659824549e-01
2.392454320781730592e-01
2.392454302458213444e-01
2.392454286969273036e-01
2.392454271120177389e-01
2.392454278809141022e-01
2.392454293045987446e-01
2.392454299023918096e-01
2.392454316126592095e-01
2.392454325617311972e-01
2.392454328579257661e-01
2.392454336374908175e-01
2.392454336545144500e-01
2.392454345197479737e-01
2.392454336661258563e-01
2.392454326957796917e-01
2.392454316640427736e-01
2.392454311970996506e-01
2.392454302305699332e-01
2.392454302742902938e-01
2.392454285602182429e-01
2.392454284740132275e-01
2.392454289329129236e-01
2.392454292751272915e-01
2.392454308688593267e-01
2.392454318270698099e-01
2.392454323226352320e-01
2.392454325091520895e-01
2.392454325381218050e-01
2.392454327199878550e-01
2.392454322436137204e-01
2.392454320475232432e-01
2.392454318486345322e-01
2.392454323379968884e-01
2.392454318479115827e-01
2.392454321368542858e-01
2.392454317287182053e-01
2.392454308660860729e-01
2.392454306162730415e-01
2.392454303123330850e-01
2.392454296786960810e-01
2.392454284523938546e-01
2.392454295740956416e-01
2.392454307127978574e-01
2.392454325306413720e-01
2.392454332794061722e-01
2.392454326709903267e-01
2.392454319479728198e-01
2.392454309333153784e-01
2.392454314119277226e-01
2.392454320894392972e-01
2.392454336568229645e-01
2.392454335571409796e-01
2.392454314772524959e-01
2.392454309823568714e-01
2.392454289769983256e-01
2.392454285511914358e-01
2.392454285976973183e-01
2.392454284177661927e-01
2.392454293796323628e-01
2.392454319445542765e-01
2.392454348004726117e-01
2.392454343639598136e-01
2.392454762768864429e-01
2.392447055263352274e-01
2.392585076024624779e-01
2.390107944706562626e-01
2.434557940127680953e-01
1.636935142531223408e-01
4.891272141117311012e-01
4.891272130453233613e-01
1.636935173159938806e-01
2.434557969482797624e-01
2.390107975840352894e-01
2.392585081463824426e-01
2.392447016652649305e-01
2.392454697220252335e-01
2.392454277579924016e-01
2.392454300356553765e-01
2.392454315100993600e-01
2.392454336013439542e-01
2.392454339050268108e-01
2.392454341278326124e-01
2.392454324556209933e-01
2.392454305548096238e-01
2.392454290996843258e-01
2.392454283799443637e-01
2.392454279389250316e-01
2.392454294230670631e-01
2.392454321836311182e-01
2.392454329374825717e-01
2.392454326495080386e-01
2.392454336828059025e-01
2.392454326991148295e-01
2.392454329175625061e-01
2.392454328716179524e-01
2.392454316249825186e-01
2.392454315376083829e-01
2.392454310170930853e-01
2.392454289977130610e-01
2.392454294476947518e-01
2.392454294465090059e-01
2.392454291748713213e-01
2.392454298037069160e-01
2.392454305975666995e-01
2.392454321463823308e-01
2.392454325060669740e-01
2.392454327326245245e-01
2.392454331778791632e-01
2.392454329558284243e-01
2.392454329441567606e-01
2.392454322748960860e-01
2.392454317764844129e-01
2.392454308824012166e-01
2.392454304801508447e-01
2.392454294330635112e-01
2.392454292927580217e-01
2.392454291717095172e-01
2.392454289085911012e-01
2.392454297605267344e-01
2.392454308321509682e-01
2.392454325014918559e-01
2.392454332069865464e-01
2.392454329473234498e-01
2.392454340580025263e-01
2.392454343644267734e-01
2.392454339485168835e-01
2.392454326441139367e-01
2.392454321570177123e-01
2.392454301808311923e-01
2.392454284886796068e-01
2.392454269912813458e-01
2.392454279983083909e-01
2.392454292844808927e-01
2.392454298845758665e-01
2.392454315656844521e-01
2.392454325807666649e-01
2.392454330083746972e-01
2.392454335101465990e-01
2.392454336801489168e-01
2.392454346944300203e-01
2.392454335706897250e-01
2.392454329236170518e-01
2.392454317255888752e-01
2.392454313108662023e-01
2.392454302522429299e-01
2.392454302005453115e-01
2.392454286155691057e-01
2.392454285221575494e-01
2.392454289669891376e-01
2.392454293986825409e-01
2.392454308984444389e-01
2.392454319410308727e-01
2.392454324399236887e-01
2.392454325920003178e-01
2.392454324840933566e-01
2.392454327487568977e-01
2.392454322452585713e-01
2.392454321917754645e-01
2.392454318817379133e-01
2.392454324760384388e-01
2.392454318178940664e-01
2.392454320012319946e-01
2.392454318853799999e-01
2.392454309239436527e-01
2.392454306393500818e-01
2.392454302829830903e-01
2.392454295725160718e-01
2.392454286114209239e-01
2.392454295825355015e-01
2.392454306813630027e-01
2.392454326439318324e-01
2.392454331433895576e-01
2.392454327831441130e-01
2.392454320704126280e-01
2.392454310358499980e-01
2.392454315765934758e-01
2.392454322437773673e-01
2.392454336673365822e-01
2.392454334441324326e-01
2.392454316364361899e-01
2.392454309475486318e-01
2.392454289525265676e-01
2.392454286587470669e-01
2.392454286921187057e-01
2.392454285438682937e-01
2.392454293197977255e-01
2.392454317567472843e-01
2.392454348701792410e-01
2.392454342834453573e-01
2.392454764934548728e-01
2.392447054110531934e-01
2.392585073970811271e-01
2.390107944119279904e-01
2.434557939952584071e-01
1.636935142127240173e-01
4.891272140284277370e-01
4.891272130345216684e-01
1.636935172820347950e-01
2.434557969899873164e-01
2.390107974137723190e-01
2.392585082612724845e-01
2.392447015869877125e-01
2.392454697429892696e-01
2.392454276931414159e-01
2.392454301400663563e-01
2.392454314633504775e-01
2.392454337017440036e-01
2.392454338871976283e-01
2.392454344283766743e-01
2.392454324464261262e-01
2.392454304300897228e-01
2.392454291742686368e-01
2.392454283305290308e-01
2.392454279681992535e-01
2.392454295609875992e-01
2.392454321993991995e-01
2.392454326935802011e-01
2.392454328165732058e-01
2.392454336609156074e-01
2.392454326377430329e-01
2.392454329031118709e-01
2.392454329625753329e-01
2.392454317523109997e-01
2.392454315116076813e-01
2.392454310261825090e-01
2.392454289856545679e-01
2.392454292686105322e-01
2.392454294882507271e-01
2.392454294652758551e-01
2.392454297181873801e-01
2.392454306791125529e-01
2.392454321866611111e-01
2.392454325130770332e-01
2.392454325098735957e-01
2.392454332935997352e-01
2.392454329954682712e-01
2.392454328599611102e-01
2.392454323424071383e-01
2.392454318503469957e-01
2.392454310672570972e-01
2.392454304685575628e-01
2.392454294766109268e-01
2.392454291640737640e-01
2.392454291907562536e-01
2.392454288848185617e-01
2.392454297470083813e-01
2.392454309036190496e-01
2.392454321962543262e-01
2.392454331806215528e-01
2.392454331621603203e-01
2.392454340673654256e-01
2.392454343357657554e-01
2.392454341407027618e-01
2.392454327448466644e-01
2.392454322330484218e-01
2.392454300597567085e-01
2.392454283383620151e-01
2.392454268438413412e-01
2.392454279715989507e-01
2.392454291533595012e-01
2.392454299214317182e-01
2.392454316596364372e-01
2.392454325805163096e-01
2.392454327390860502e-01
2.392454333992895255e-01
2.392454336789906211e-01
2.392454347540667048e-01
2.392454337614997595e-01
2.392454329454248019e-01
2.392454316629844258e-01
2.392454313530078813e-01
2.392454302767999252e-01
2.392454300675884438e-01
2.392454286549532128e-01
2.392454283476901367e-01
2.392454289540244250e-01
2.392454293522521258e-01
2.392454309807130197e-01
2.392454319858874912e-01
2.392454324740641014e-01
2.392454327849524998e-01
2.392454322835514957e-01
2.392454326551768096e-01
2.392454322561124724e-01
2.392454320394786227e-01
2.392454319144267649e-01
2.392454324749311023e-01
2.392454318053566231e-01
2.392454317041534939e-01
2.392454319199081025e-01
2.392454307806706482e-01
2.392454306302435330e-01
2.392454303214649192e-01
2.392454294856955210e-01
2.392454288017529518e-01
2.392454296005614434e-01
2.392454305716377183e-01
2.392454327839279582e-01
2.392454331533083456e-01
2.392454326320807845e-01
2.392454321632685454e-01
2.392454311122043376e-01
2.392454315871254678e-01
2.392454322396606048e-01
2.392454335811033950e-01
2.392454332690300001e-01
2.392454316318103347e-01
2.392454309867818318e-01
2.392454288789922778e-01
2.392454285974101869e-01
2.392454285987458684e-01
2.392454286198225644e-01
2.392454292456524245e-01
2.392454315682239763e-01
2.392454345439772034e-01
2.392454343131220906e-01
2.392454765817736417e-01
2.392447054269822571e-01
2.392585072418025316e-01
2.390107944681701402e-01
2.434557940319936886e-01
1.636935141355158885e-01
4.891272138245437162e-01
4.891272129915307243e-01
1.636935172017515983e-01
2.434557970248587555e-01
2.390107973095921268e-01
2.392585080301743439e-01
2.392447015538948785e-01
2.392454697451970869e-01
2.392454276720157036e-01
2.392454302343902384e-01
2.392454314685451833e-01
2.392454335344512684e-01
2.392454339992884649e-01
2.392454346020650713e-01
2.392454322771195852e-01
2.392454304875254179e-01
2.392454292841393881e-01
2.392454281166863095e-01
2.392454278029666204e-01
2.392454297741707925e-01
2.392454323159659557e-01
2.392454326165746881e-01
2.392454328911937655e-01
2.392454336697661110e-01
2.392454325361310918e-01
2.392454328623873083e-01
2.392454330345699098e-01
2.392454317757123916e-01
2.392454316320580254e-01
2.392454309572114024e-01
2.392454289858949035e-01
2.392454291960832424e-01
2.392454294045401886e-01
2.392454295108779605e-01
2.392454298638313492e-01
2.392454307695026927e-01
2.392454322006356549e-01
2.392454323845703834e-01
2.392454324560685797e-01
2.392454333598703908e-01
2.392454329593900475e-01
2.392454329137156666e-01
2.392454325921154479e-01
2.392454319410823038e-01
2.392454311580619886e-01
2.392454304085245009e-01
2.392454296667163582e-01
2.392454291785823806e-01
2.392454293272923693e-01
2.392454287934653867e-01
2.392454296463638330e-01
2.392454308276711628e-01
2.392454318598735696e-01
2.392454331966608616e-01
2.392454332607445167e-01
2.392454342190716288e-01
2.392454341829752529e-01
2.392454344208996830e-01
2.392454328084207826e-01
2.392454320742924689e-01
2.392454299377997640e-01
2.392454283317321517e-01
2.392454267643710220e-01
2.392454279532038597e-01
2.392454290186010191e-01
2.392454300510444831e-01
2.392454317665977381e-01
2.392454326115247831e-01
2.392454327835227545e-01
2.392454333363631669e-01
2.392454335757991657e-01
2.392454346666470499e-01
2.392454338728345620e-01
2.392454330798393369e-01
2.392454315759253991e-01
2.392454313966875801e-01
2.392454302414835920e-01
2.392454298841868443e-01
2.392454288172810584e-01
2.392454284129154340e-01
2.392454289325106342e-01
2.392454294505080570e-01
2.392454310684878904e-01
2.392454319750992320e-01
2.392454324565210788e-01
2.392454330077387059e-01
2.392454321979344267e-01
2.392454325815729366e-01
2.392454324049718972e-01
2.392454318506113398e-01
2.392454320197343887e-01
2.392454324308648239e-01
2.392454318072893271e-01
2.392454314291757866e-01
2.392454320501554987e-01
2.392454306816122755e-01
2.392454305512063395e-01
2.392454302203338157e-01
2.392454295223422067e-01
2.392454291396783894e-01
2.392454295635371708e-01
2.392454305711513851e-01
2.392454328718423839e-01
2.392454331577399118e-01
2.392454325333128184e-01
2.392454323382700587e-01
2.392454310556939578e-01
2.392454316330061281e-01
2.392454323827922502e-01
2.392454332034242015e-01
2.392454332601472444e-01
2.392454319122012951e-01
2.392454309981159044e-01
2.392454288355345404e-01
2.392454285873691633e-01
2.392454285907558431e-01
2.392454286161105337e-01
2.392454292621013501e-01
2.392454315834053324e-01
2.392454343209097500e-01
2.392454343582908205e-01
2.392454768089852801e-01
2.392447053554598024e-01
2.392585071510858197e-01
2.390107943639076249e-01
2.434557940326826098e-01
1.636935141872483124e-01
4.891272136063916642e-01
4.891272130730535683e-01
1.636935172112071180e-01
2.434557970710525265e-01
2.390107974074056063e-01
2.392585081422901605e-01
2.392447015440689329e-01
2.392454698520897760e-01
2.392454275454211632e-01
2.392454301531692362e-01
2.392454315087391981e-01
2.392454335653916297e-01
2.392454341247942928e-01
2.392454346277690935e-01
2.392454322972746850e-01
2.392454304155247624e-01
2.392454294024543571e-01
2.392454281025062357e-01
2.392454277537227614e-01
2.392454298291853132e-01
2.392454323997659227e-01
2.392454325399332449e-01
2.392454329405947766e-01
2.392454336565842388e-01
2.392454325516309988e-01
2.392454327536886471e-01
2.392454330102148086e-01
2.392454317780038642e-01
2.392454316904507050e-01
2.392454308690447340e-01
2.392454289257104350e-01
2.392454291610077444e-01
2.392454293118759512e-01
2.392454294989696528e-01
2.392454301174780917e-01
2.392454306829436550e-01
2.392454321991990540e-01
2.392454323177055919e-01
2.392454323635269664e-01
2.392454335340117588e-01
2.392454330001421436e-01
2.392454329248909772e-01
2.392454326568703993e-01
2.392454319482349434e-01
2.392454312143521278e-01
2.392454305173908058e-01
2.392454296188748220e-01
2.392454292210101918e-01
2.392454294151005745e-01
2.392454288054418066e-01
2.392454295946103426e-01
2.392454308573542521e-01
2.392454316199387476e-01
2.392454333591557680e-01
2.392454333865776384e-01
2.392454342614680762e-01
2.392454341102626392e-01
2.392454345887103373e-01
2.392454329264020740e-01
2.392454319423552578e-01
2.392454300176924675e-01
2.392454280936744671e-01
2.392454267675494795e-01
2.392454279071619949e-01
2.392454289304802029e-01
2.392454303269752058e-01
2.392454317266153596e-01
2.392454326445392077e-01
2.392454325351226763e-01
2.392454333124877375e-01
2.392454336040358842e-01
2.392454345914218627e-01
2.392454339111132755e-01
2.392454332451442456e-01
2.392454313924507747e-01
2.392454313800362886e-01
2.392454301318269749e-01
2.392454297984727696e-01
2.392454288616241709e-01
2.392454283772419144e-01
2.392454289394325140e-01
2.392454291810836853e-01
2.392454311631493635e-01
2.392454319106764871e-01
2.392454324994099379e-01
2.392454330418727348e-01
2.392454321100835890e-01
2.392454325348681299e-01
2.392454324174858316e-01
2.392454317232122485e-01
2.392454320504456833e-01
2.392454324097751106e-01
2.392454318449205308e-01
2.392454313025584589e-01
2.392454319753384573e-01
2.392454306720146751e-01
2.392454303955600381e-01
2.392454302490943652e-01
2.392454294191237452e-01
2.392454293122830145e-01
2.392454296738509012e-01
2.392454304340036475e-01
2.392454328016499487e-01
2.392454332216858992e-01
2.392454324429321433e-01
2.392454325863905829e-01
2.392454310822921815e-01
2.392454316852170026e-01
2.392454324439833857e-01
2.392454330003856711e-01
2.392454332088102542e-01
2.392454319285262365e-01
2.392454309877627416e-01
2.392454289371129805e-01
2.392454283445704655e-01
2.392454286504880623e-01
2.392454284541437881e-01
2.392454293086082040e-01
2.392454316727089525e-01
2.392454341630107784e-01
2.392454342732205919e-01
2.392454768357643313e-01
2.392447053176730010e-01
2.392585070882466969e-01
2.390107944266066375e-01
2.434557940166467427e-01
1.636935140937681443e-01
4.891272132941646977e-01
4.891272131299908565e-01
1.636935169609902152e-01
2.434557971605305626e-01
2.390107973944242403e-01
2.392585080080873172e-01
2.392447015015156941e-01
2.392454698698915083e-01
2.392454276208614561e-01
2.392454299846794863e-01
2.392454315159618927e-01
2.392454334113502390e-01
2.392454342240928622e-01
2.392454347703691087e-01
2.392454324032942392e-01
2.392454304255633435e-01
2.392454294213408883e-01
2.392454281021411944e-01
2.392454275779066775e-01
2.392454298294337256e-01
2.392454324463592630e-01
2.392454325762635725e-01
2.392454329800173252e-01
2.392454336090544254e-01
2.392454324941073185e-01
2.392454325373134794e-01
2.392454329083766595e-01
2.392454318030110272e-01
2.392454317667386532e-01
2.392454307992684659e-01
2.392454289811525581e-01
2.392454291715409576e-01
2.392454294465928000e-01
2.392454295079584625e-01
2.392454304183506686e-01
2.392454308431952448e-01
2.392454322362236874e-01
2.392454322326828808e-01
2.392454324695151846e-01
2.392454334105682534e-01
2.392454329606595598e-01
2.392454328954543297e-01
2.392454325626444944e-01
2.392454319369052840e-01
2.392454311207862505e-01
2.392454304241850294e-01
2.392454298253252898e-01
2.392454293039088520e-01
2.392454295440494538e-01
2.392454287942282765e-01
2.392454295638061779e-01
2.392454306810827269e-01
2.392454315166292478e-01
2.392454335285421896e-01
2.392454334701652197e-01
2.392454343598665878e-01
2.392454341968679732e-01
2.392454346730715775e-01
2.392454329838127891e-01
2.392454318470264296e-01
2.392454298765760712e-01
2.392454280675862799e-01
2.392454269685759527e-01
2.392454278730108130e-01
2.392454289001674783e-01
2.392454303422746342e-01
2.392454317510650796e-01
2.392454326219906335e-01
2.392454325420097505e-01
2.392454331812678414e-01
2.392454335752700056e-01
2.392454343679604745e-01
2.392454339497535887e-01
2.392454334398402549e-01
2.392454313725999593e-01
2.392454313797295617e-01
2.392454301786174908e-01
2.392454299252706473e-01
2.392454289594410921e-01
2.392454285627690358e-01
2.392454291864503646e-01
2.392454292038267982e-01
2.392454311791607502e-01
2.392454319684855779e-01
2.392454325956853978e-01
2.392454330386447892e-01
2.392454321718075483e-01
2.392454324794631160e-01
2.392454323167771124e-01
2.392454315423001854e-01
2.392454319179276034e-01
2.392454323929991411e-01
2.392454318012163517e-01
2.392454313186251902e-01
2.392454317418475640e-01
2.392454307140137459e-01
2.392454303507520474e-01
2.392454302060331439e-01
2.392454294242815915e-01
2.392454295859392510e-01
2.392454298068674434e-01
2.392454304843029678e-01
2.392454328748881698e-01
2.392454331211819607e-01
2.392454325108288038e-01
2.392454326849319246e-01
2.392454313018193279e-01
2.392454316429479255e-01
2.392454324568326907e-01
2.392454327996970387e-01
2.392454332841726372e-01
2.392454320005533708e-01
2.392454309408751922e-01
2.392454289451691196e-01
2.392454282991557657e-01
2.392454287054548157e-01
2.392454284725231972e-01
2.392454292602340660e-01
2.392454316152359817e-01
2.392454343009785822e-01
2.392454341784959193e-01
2.392454768083385197e-01
2.392447052554865228e-01
2.392585071593820722e-01
2.390107943052420802e-01
2.434557939615256683e-01
1.636935140794658072e-01
4.891272131546122726e-01
4.891272130756705305e-01
1.636935170940945483e-01
2.434557972626489597e-01
2.390107973371198291e-01
2.392585079287840588e-01
2.392447015977005043e-01
2.392454699810136476e-01
2.392454275653229379e-01
2.392454298590771522e-01
2.392454314387013614e-01
2.392454334333564414e-01
2.392454343355379098e-01
2.392454347722143548e-01
2.392454324581296532e-01
2.392454302718541315e-01
2.392454294238769985e-01
2.392454280601739591e-01
2.392454275665245877e-01
2.392454297073320080e-01
2.392454323766381730e-01
2.392454327119699076e-01
2.392454329048460393e-01
2.392454335370388097e-01
2.392454325299258333e-01
2.392454324294094326e-01
2.392454327043168627e-01
2.392454317560642474e-01
2.392454318777102462e-01
2.392454307560942517e-01
2.392454290503232550e-01
2.392454290812090212e-01
2.392454294519402447e-01
2.392454295927783359e-01
2.392454306028020672e-01
2.392454308795721185e-01
2.392454321954566310e-01
2.392454322871140904e-01
2.392454325846203322e-01
2.392454334860918408e-01
2.392454328394777729e-01
2.392454327513731105e-01
2.392454325840852603e-01
2.392454319047228328e-01
2.392454311133126732e-01
2.392454304124584930e-01
2.392454297973884703e-01
2.392454293508341490e-01
2.392454294079685295e-01
2.392454290186867560e-01
2.392454294023950712e-01
2.392454304911551533e-01
2.392454314340583532e-01
2.392454335156950773e-01
2.392454336971132633e-01
2.392454346048667191e-01
2.392454342958402203e-01
2.392454347016762517e-01
2.392454331335095996e-01
2.392454316336359854e-01
2.392454298893364473e-01
2.392454278035442972e-01
2.392454270029192032e-01
2.392454276668499191e-01
2.392454289154179181e-01
2.392454304040588786e-01
2.392454315956953348e-01
2.392454324812990363e-01
2.392454325077909560e-01
2.392454331898717645e-01
2.392454335160840995e-01
2.392454343279002138e-01
2.392454338489728161e-01
2.392454333468133354e-01
2.392454314404059701e-01
2.392454312913647463e-01
2.392454300315724480e-01
2.392454299750980395e-01
2.392454292907408020e-01
2.392454286088138427e-01
2.392454292207367716e-01
2.392454292253493875e-01
2.392454311607480066e-01
2.392454320819169533e-01
2.392454326566430534e-01
2.392454329556809312e-01
2.392454320603801532e-01
2.392454325962047601e-01
2.392454322927536903e-01
2.392454315772539475e-01
2.392454319649070515e-01
2.392454325497726519e-01
2.392454317043504752e-01
2.392454314081438882e-01
2.392454315486332306e-01
2.392454306905337225e-01
2.392454302218290363e-01
2.392454302787844489e-01
2.392454293871399129e-01
2.392454297837330046e-01
2.392454298718877659e-01
2.392454305144029458e-01
2.392454328472026215e-01
2.392454330270137874e-01
2.392454325122037873e-01
2.392454329731800999e-01
2.392454313784000419e-01
2.392454313582084435e-01
2.392454325818247629e-01
2.392454327828894556e-01
2.392454333893891116e-01
2.392454319864533996e-01
2.392454308480854164e-01
2.392454288622929970e-01
2.392454280462121552e-01
2.392454286935675467e-01
2.392454283225897427e-01
2.392454291487561835e-01
2.392454315656937502e-01
2.392454342600118800e-01
2.392454341081376168e-01
2.392454767375627733e-01
2.392447051621710008e-01
2.392585072391458789e-01
2.390107942549296038e-01
2.434557939239142821e-01
1.636935141590297182e-01
4.891272129352843279e-01
4.891272129966850457e-01
1.636935170453391875e-01
2.434557974863876539e-01
2.390107972436984751e-01
2.392585078679891064e-01
2.392447014740987088e-01
2.392454701301646447e-01
2.392454275165283861e-01
2.392454297519036877e-01
2.392454314784984992e-01
2.392454333319396775e-01
2.392454343796767136e-01
2.392454346535412280e-01
2.392454326191149616e-01
2.392454302451265669e-01
2.392454295827010358e-01
2.392454279481781854e-01
2.392454274461211228e-01
2.392454293544197808e-01
2.392454323011420358e-01
2.392454326866603198e-01
2.392454328408039899e-01
2.392454334267681282e-01
2.392454325097746193e-01
2.392454324239771390e-01
2.392454325703467222e-01
2.392454317825457588e-01
2.392454320284832792e-01
2.392454308177638100e-01
2.392454292584534903e-01
2.392454291101288599e-01
2.392454294582465613e-01
2.392454297691703757e-01
2.392454308431045951e-01
2.392454310441095022e-01
2.392454320364184872e-01
2.392454322431264435e-01
2.392454325525679437e-01
2.392454335308940583e-01
2.392454327986717477e-01
2.392454327245176482e-01
2.392454325927191039e-01
2.392454318043776562e-01
2.392454310879628954e-01
2.392454303423035555e-01
2.392454298363604903e-01
2.392454295278641507e-01
2.392454294844945928e-01
2.392454291630433383e-01
2.392454293001316512e-01
2.392454304092658246e-01
2.392454312545133355e-01
2.392454335341244465e-01
2.392454338214936305e-01
2.392454346120713171e-01
2.392454343050492982e-01
2.392454346669733722e-01
2.392454330902708814e-01
2.392454314333606336e-01
2.392454298309389382e-01
2.392454276808499425e-01
2.392454270584278286e-01
2.392454276032385807e-01
2.392454289928132027e-01
2.392454303059661225e-01
2.392454316453586083e-01
2.392454324131892407e-01
2.392454324784243636e-01
2.392454330945586460e-01
2.392454334978595387e-01
2.392454342932958111e-01
2.392454337709131185e-01
2.392454333063189498e-01
2.392454314609976096e-01
2.392454312409146022e-01
2.392454299988975575e-01
2.392454300465906292e-01
2.392454295185899027e-01
2.392454287746425545e-01
2.392454293055615300e-01
2.392454294227784606e-01
2.392454309796370193e-01
2.392454322810883827e-01
2.392454326307670298e-01
2.392454330583358435e-01
2.392454320597760253e-01
2.392454326650933771e-01
2.392454321632484504e-01
2.392454315338821969e-01
2.392454319418481357e-01
2.392454324084659079e-01
2.392454316314896468e-01
2.392454313750885520e-01
2.392454314959236716e-01
2.392454306773977579e-01
2.392454302254704013e-01
2.392454303199274268e-01
2.392454293398129095e-01
2.392454299133082996e-01
2.392454300057364203e-01
2.392454306091271743e-01
2.392454329995970519e-01
2.392454330404140683e-01
2.392454325030323181e-01
2.392454330848159949e-01
2.392454313991798087e-01
2.392454312367081615e-01
2.392454325650345826e-01
2.392454327102662703e-01
2.392454332548422935e-01
2.392454319842940713e-01
2.392454306719432600e-01
2.392454289128935763e-01
2.392454279360194946e-01
2.392454287071143493e-01
2.392454284717750179e-01
2.392454289456296956e-01
2.392454316077717302e-01
2.392454341583609145e-01
2.392454341811878216e-01
2.392454766573403335e-01
2.392447051335045705e-01
2.392585071667346075e-01
2.390107940760921035e-01
2.434557937262274985e-01
1.636935145112307644e-01
4.891272128788863860e-01
4.891272128684804321e-01
1.636935169987064342e-01
2.434557974975316286e-01
2.390107972129898728e-01
2.392585078310754398e-01
2.392447014520057980e-01
2.392454700903856035e-01
2.392454275642910411e-01
2.392454296837728256e-01
2.392454315661587394e-01
2.392454335193571202e-01
2.392454344353014961e-01
2.392454346366851559e-01
2.392454327408068404e-01
2.392454302010891820e-01
2.392454296594132834e-01
2.392454278044328642e-01
2.392454274976996698e-01
2.392454290437775744e-01
2.392454321914871118e-01
2.392454328222172188e-01
2.392454328218368564e-01
2.392454337198383907e-01
2.392454325397592452e-01
2.392454323987318332e-01
2.392454325084300004e-01
2.392454316552138360e-01
2.392454322088616581e-01
2.392454309228377873e-01
2.392454291693261459e-01
2.392454290213871237e-01
2.392454293288074907e-01
2.392454298333471507e-01
2.392454309286635716e-01
2.392454312731193411e-01
2.392454319651885208e-01
2.392454323444505870e-01
2.392454327093708477e-01
2.392454334939225769e-01
2.392454328924042417e-01
2.392454328152955889e-01
2.392454324014852418e-01
2.392454317813057507e-01
2.392454312615405199e-01
2.392454302496637153e-01
2.392454298254022282e-01
2.392454294368108192e-01
2.392454295949405785e-01
2.392454291325948890e-01
2.392454293123403297e-01
2.392454303087795386e-01
2.392454312415966400e-01
2.392454336195460052e-01
2.392454338676971715e-01
2.392454348055874647e-01
2.392454345701001406e-01
2.392454345855828390e-01
2.392454332001230088e-01
2.392454314297882412e-01
2.392454296767446420e-01
2.392454276027000948e-01
2.392454271970027302e-01
2.392454276112359335e-01
2.392454289612633012e-01
2.392454302927162491e-01
2.392454317016330656e-01
2.392454323686163398e-01
2.392454325471162491e-01
2.392454328958987519e-01
2.392454336252963221e-01
2.392454342917078036e-01
2.392454336308859619e-01
2.392454331579088322e-01
2.392454315531616915e-01
2.392454311816454016e-01
2.392454299380075144e-01
2.392454301095463809e-01
2.392454296323946739e-01
2.392454289177918247e-01
2.392454291885244277e-01
2.392454295161263178e-01
2.392454308835198495e-01
2.392454325162949313e-01
2.392454327045389628e-01
2.392454330633281834e-01
2.392454321706811160e-01
2.392454325735505760e-01
2.392454320139590640e-01
2.392454317478829307e-01
2.392454320738880147e-01
2.392454324065932392e-01
2.392454315832649447e-01
2.392454312089082880e-01
2.392454314280185734e-01
2.392454305333009956e-01
2.392454303893776779e-01
2.392454303136350713e-01
2.392454294348582977e-01
2.392454299689531494e-01
2.392454300189836847e-01
2.392454308388342332e-01
2.392454329726332318e-01
2.392454329088780363e-01
2.392454325871486986e-01
2.392454331010821500e-01
2.392454316694138661e-01
2.392454312387998772e-01
2.392454325285675587e-01
2.392454328439610201e-01
2.392454332495966562e-01
2.392454319521915007e-01
2.392454305252548763e-01
2.392454289521551702e-01
2.392454278714301608e-01
2.392454285183142071e-01
2.392454285199727693e-01
2.392454286931834095e-01
2.392454313559996548e-01
2.392454342235754705e-01
2.392454339986167244e-01
2.392454766834647695e-01
2.392447051763714194e-01
2.392585072242252031e-01
2.390107941028476179e-01
2.434557935337520462e-01
1.636935145714710771e-01
4.891272126915360841e-01
4.891272127843909745e-01
1.636935170516392868e-01
2.434557974393050939e-01
2.390107971689108268e-01
2.392585079045881913e-01
2.392447012899547865e-01
2.392454701109380522e-01
2.392454275606044900e-01
2.392454297316398415e-01
2.392454317240871042e-01
2.392454335764136186e-01
2.392454344400566923e-01
2.392454345411711147e-01
2.392454329747624731e-01
2.392454302526535181e-01
2.392454298384105449e-01
2.392454277756557168e-01
2.392454273586838154e-01
2.392454288792578432e-01
2.392454320231355291e-01
2.392454328825609211e-01
2.392454329357711074e-01
2.392454338508903378e-01
2.392454322652181331e-01
2.392454322462755911e-01
2.392454324779857699e-01
2.392454316609802512e-01
2.392454323745654143e-01
2.392454311888143892e-01
2.392454291828459978e-01
2.392454291001168687e-01
2.392454293723377534e-01
2.392454300674059509e-01
2.392454311616363516e-01
2.392454315948594479e-01
2.392454318981473704e-01
2.392454322556232249e-01
2.392454327822385318e-01
2.392454334015911843e-01
2.392454328077524561e-01
2.392454329184429129e-01
2.392454322431345204e-01
2.392454315987719016e-01
2.392454312864689403e-01
2.392454302694214108e-01
2.392454297973125033e-01
2.392454295793829400e-01
2.392454296787873413e-01
2.392454291209114570e-01
2.392454292196005416e-01
2.392454303311693786e-01
2.392454311128854039e-01
2.392454334730609866e-01
2.392454338621854693e-01
2.392454348012609811e-01
2.392454345753590450e-01
2.392454346378601049e-01
2.392454331887213237e-01
2.392454311954357038e-01
2.392454295717780510e-01
2.392454274365122258e-01
2.392454273220367134e-01
2.392454276877614971e-01
2.392454288913611615e-01
2.392454303997157417e-01
2.392454316790487145e-01
2.392454324028101265e-01
2.392454325845737861e-01
2.392454329069417795e-01
2.392454335556186140e-01
2.392454342089933572e-01
2.392454334681607397e-01
2.392454329231613608e-01
2.392454316128596048e-01
2.392454310598716993e-01
2.392454299174830157e-01
2.392454301481156398e-01
2.392454296965146054e-01
2.392454290697680064e-01
2.392454290689360330e-01
2.392454296547066039e-01
2.392454309636545817e-01
2.392454324553544287e-01
2.392454325918048075e-01
2.392454329111148859e-01
2.392454323189912857e-01
2.392454324515348452e-01
2.392454321402125716e-01
2.392454319268757512e-01
2.392454321726454058e-01
2.392454323464991706e-01
2.392454315661474706e-01
2.392454309243361166e-01
2.392454313043757552e-01
2.392454304693355238e-01
2.392454302384245668e-01
2.392454302970986324e-01
2.392454293881969840e-01
2.392454298466706319e-01
2.392454301248049253e-01
2.392454310110644911e-01
2.392454327797519653e-01
2.392454327694138183e-01
2.392454326291699740e-01
2.392454329913123179e-01
2.392454317914609607e-01
2.392454313437338831e-01
2.392454323725174969e-01
2.392454329106687427e-01
2.392454330969771559e-01
2.392454320359255759e-01
2.392454303605501820e-01
2.392454292127232651e-01
2.392454277764271831e-01
2.392454285178497175e-01
2.392454284733801784e-01
2.392454287741667962e-01
2.392454313096196994e-01
2.392454341360142067e-01
2.392454339084282011e-01
2.392454766761171192e-01
2.392447051035505312e-01
2.392585069521231400e-01
2.390107939849354102e-01
2.434557932841084071e-01
1.636935147135174518e-01
4.891272125455081721e-01
4.891272127419536431e-01
1.636935170171902043e-01
2.434557973750616777e-01
2.390107970942260962e-01
2.392585079059160180e-01
2.392447014600178334e-01
2.392454698760965448e-01
2.392454274154752203e-01
2.392454298240082600e-01
2.392454319326635936e-01
2.392454337515866059e-01
2.392454344106655917e-01
2.392454345288507200e-01
2.392454329572826499e-01
2.392454303917139757e-01
2.392454299003824170e-01
2.392454278359837372e-01
2.392454272714214236e-01
2.392454288664908335e-01
2.392454318382777056e-01
2.392454328945290143e-01
2.392454330298141030e-01
2.392454339675076647e-01
2.392454321795842997e-01
2.392454321278412177e-01
2.392454324148880207e-01
2.392454316183918184e-01
2.392454324308549429e-01
2.392454312906790448e-01
2.392454292236191604e-01
2.392454290093242175e-01
2.392454294380208235e-01
2.392454303164934515e-01
2.392454313808283495e-01
2.392454317353097104e-01
2.392454320667826428e-01
2.392454323211292977e-01
2.392454328849674128e-01
2.392454333178022363e-01
2.392454328587582391e-01
2.392454329822213399e-01
2.392454321549083718e-01
2.392454316153692639e-01
2.392454312678092554e-01
2.392454300812219825e-01
2.392454296983221318e-01
2.392454295834482436e-01
2.392454297739412539e-01
2.392454291339011774e-01
2.392454293672414134e-01
2.392454303380363856e-01
2.392454310515906568e-01
2.392454334028830121e-01
2.392454339621518655e-01
2.392454348992866242e-01
2.392454346323307501e-01
2.392454346692448885e-01
2.392454332349258361e-01
2.392454311717680249e-01
2.392454293977991087e-01
2.392454273679903709e-01
2.392454272296291040e-01
2.392454278337693141e-01
2.392454289264188128e-01
2.392454304633202244e-01
2.392454317051442292e-01
2.392454323858624332e-01
2.392454325195959020e-01
2.392454327476792042e-01
2.392454334694846529e-01
2.392454340801194457e-01
2.392454335444369196e-01
2.392454327988025875e-01
2.392454316930178737e-01
2.392454309695788428e-01
2.392454298736695351e-01
2.392454300920690280e-01
2.392454298954724001e-01
2.392454291120537091e-01
2.392454289121816458e-01
2.392454297851567546e-01
2.392454311632591368e-01
2.392454324422481349e-01
2.392454325769747814e-01
2.392454328016140608e-01
2.392454325036178497e-01
2.392454322644662623e-01
2.392454323545905870e-01
2.392454321683385454e-01
2.392454322976166614e-01
2.392454323177149178e-01
2.392454314467859222e-01
2.392454308878531610e-01
2.392454311913385645e-01
2.392454304526639153e-01
2.392454301906597192e-01
2.392454302986007642e-01
2.392454295094681438e-01
2.392454299033572318e-01
2.392454300634279107e-01
2.392454309985876937e-01
2.392454325314747055e-01
2.392454327594029373e-01
2.392454327995625352e-01
2.392454330113400196e-01
2.392454318619613440e-01
2.392454313354770989e-01
2.392454323926255511e-01
2.392454329673525948e-01
2.392454332228014513e-01
2.392454320780696975e-01
2.392454303558929907e-01
2.392454292706621688e-01
2.392454277547982622e-01
2.392454282914102670e-01
2.392454283249122182e-01
2.392454288381833383e-01
2.392454310584042343e-01
2.392454340815859393e-01
2.392454336222844535e-01
2.392454767683831196e-01
2.392447048824713762e-01
2.392585067786439923e-01
2.390107939379978730e-01
2.434557931384058738e-01
1.636935148027495179e-01
4.891272123843420361e-01
4.891272127233429745e-01
1.636935170425708463e-01
2.434557973141373566e-01
2.390107970921270253e-01
2.392585079058836828e-01
2.392447013662348798e-01
2.392454697457968016e-01
2.392454273315564039e-01
2.392454298176488747e-01
2.392454319385623751e-01
2.392454337161609990e-01
2.392454343805297534e-01
2.392454345269461879e-01
2.392454329560709525e-01
2.392454306068002579e-01
2.392454299557146835e-01
2.392454277736571211e-01
2.392454272712100094e-01
2.392454288506896676e-01
2.392454317281769161e-01
2.392454328296285404e-01
2.392454333402342093e-01
2.392454341375785665e-01
2.392454320073785778e-01
2.392454319382424088e-01
2.392454323036603825e-01
2.392454317537571484e-01
2.392454325277316718e-01
2.392454315309060497e-01
2.392454293565702550e-01
2.392454288571558563e-01
2.392454295747296344e-01
2.392454305017295280e-01
2.392454315785668417e-01
2.392454319134144636e-01
2.392454322513646037e-01
2.392454323167920449e-01
2.392454329287301840e-01
2.392454332909519088e-01
2.392454328536399721e-01
2.392454329385303724e-01
2.392454321096774139e-01
2.392454316311415086e-01
2.392454310655823535e-01
2.392454302126961752e-01
2.392454296089347177e-01
2.392454297193537527e-01
2.392454298283175629e-01
2.392454292739410737e-01
2.392454294865578868e-01
2.392454301752959811e-01
2.392454311411534584e-01
2.392454332186327581e-01
2.392454342018960900e-01
2.392454347527432912e-01
2.392454345647491432e-01
2.392454346201921267e-01
2.392454332713764842e-01
2.392454310273746942e-01
2.392454294179458540e-01
2.392454272803801185e-01
2.392454272442817720e-01
2.392454279636040404e-01
2.392454288398178919e-01
2.392454304497367013e-01
2.392454317312784629e-01
2.392454324471797178e-01
2.392454324172178237e-01
2.392454327591313490e-01
2.392454332890865676e-01
2.392454338286633952e-01
2.392454335631367945e-01
2.392454327848843876e-01
2.392454316761735422e-01
2.392454310611755453e-01
2.392454298942185698e-01
2.392454300242032317e-01
2.392454299490667236e-01
2.392454292095247126e-01
2.392454288884791613e-01
2.392454297942712416e-01
2.392454313292015078e-01
2.392454322282001333e-01
2.392454325834958428e-01
2.392454327412262549e-01
2.392454325919322056e-01
2.392454319832590104e-01
2.392454326932411390e-01
2.392454322525153221e-01
2.392454322426396385e-01
2.392454322922649423e-01
2.392454314190965159e-01
2.392454306329754032e-01
2.392454309774526000e-01
2.392454303696752160e-01
2.392454299083780767e-01
2.392454302933311461e-01
2.392454296316466611e-01
2.392454298493922049e-01
2.392454301434757957e-01
2.392454309716064709e-01
2.392454323392182169e-01
2.392454327126913860e-01
2.392454327772084444e-01
2.392454330930678941e-01
2.392454320042311233e-01
2.392454314846111652e-01
2.392454321853479948e-01
2.392454329164818150e-01
2.392454333134696465e-01
2.392454319663855355e-01
2.392454304490090888e-01
2.392454293607874649e-01
2.392454277208563018e-01
2.392454282890613126e-01
2.392454282827053968e-01
2.392454289059658123e-01
2.392454309547659419e-01
2.392454339620391779e-01
2.392454334751933365e-01
2.392454768811535237e-01
2.392447047597084375e-01
2.392585066477964650e-01
2.390107938600381232e-01
2.434557930360297662e-01
1.636935147434989413e-01
4.891272122589009341e-01
4.891272127043232443e-01
1.636935170497068326e-01
2.434557972353338928e-01
2.390107971134046438e-01
2.392585079014650784e-01
2.392447013422506763e-01
2.392454697224162541e-01
2.392454272175434105e-01
2.392454298514252176e-01
2.392454321173307918e-01
2.392454338251248092e-01
2.392454343999670108e-01
2.392454343542632367e-01
2.392454329343342567e-01
2.392454306363226424e-01
2.392454299117409977e-01
2.392454276751684594e-01
2.392454273115407204e-01
2.392454285923705515e-01
2.392454316592297625e-01
2.392454326902520578e-01
2.392454335244384167e-01
2.392454342849974769e-01
2.392454319559368381e-01
2.392454317914340933e-01
2.392454321059331035e-01
2.392454317695216492e-01
2.392454326196032377e-01
2.392454317069196978e-01
2.392454293392345110e-01
2.392454287382312361e-01
2.392454295986872759e-01
2.392454305688752891e-01
2.392454315855935543e-01
2.392454319483175162e-01
2.392454323178065390e-01
2.392454320666537737e-01
2.392454328215405657e-01
2.392454331911244014e-01
2.392454329616561792e-01
2.392454329004599090e-01
2.392454319829280251e-01
2.392454317831725630e-01
2.392454309366016385e-01
2.392454301292991914e-01
2.392454295661203267e-01
2.392454297914705652e-01
2.392454297415020359e-01
2.392454294943077986e-01
2.392454295679758425e-01
2.392454300186841742e-01
2.392454312649894554e-01
2.392454332554719287e-01
2.392454341276699370e-01
2.392454348883195359e-01
2.392454345968282325e-01
2.392454345625021350e-01
2.392454333314281423e-01
2.392454310442826970e-01
2.392454291333107330e-01
2.392454271001648036e-01
2.392454272553155015e-01
2.392454280381824672e-01
2.392454286952109266e-01
2.392454306497528160e-01
2.392454318105870781e-01
2.392454326474692528e-01
2.392454325528685366e-01
2.392454325452964825e-01
2.392454333260105037e-01
2.392454337296504863e-01
2.392454335170405288e-01
2.392454327293928873e-01
2.392454316878309950e-01
2.392454309827571901e-01
2.392454298645516342e-01
2.392454300766568842e-01
2.392454300354275587e-01
2.392454293156947021e-01
2.392454289777945220e-01
2.392454299310709520e-01
2.392454313664218735e-01
2.392454322723825411e-01
2.392454325717555674e-01
2.392454326357182082e-01
2.392454325629252698e-01
2.392454318252417167e-01
2.392454327798138880e-01
2.392454323869102339e-01
2.392454322897060448e-01
2.392454322699642533e-01
2.392454315838316026e-01
2.392454304234843676e-01
2.392454309539621404e-01
2.392454304504582907e-01
2.392454297076581915e-01
2.392454303189655018e-01
2.392454299360358139e-01
2.392454298780369859e-01
2.392454302502399488e-01
2.392454309744483920e-01
2.392454321664673478e-01
2.392454327662056068e-01
2.392454328468942570e-01
2.392454332013817520e-01
2.392454322295438640e-01
2.392454316290272831e-01
2.392454319775018101e-01
2.392454327919280033e-01
2.392454334140264871e-01
2.392454319768616833e-01
2.392454304723127256e-01
2.392454295433625033e-01
2.392454275823563681e-01
2.392454281595489951e-01
2.392454282503955199e-01
2.392454290753267543e-01
2.392454310960489272e-01
2.392454339541525699e-01
2.392454331982317162e-01
2.392454768677184651e-01
2.392447048128431564e-01
2.392585063921810473e-01
2.390107940389726571e-01
2.434557929227262607e-01
1.636935145913914758e-01
4.891272120161639370e-01
4.891272129100465160e-01
1.636935170948353724e-01
2.434557973495369843e-01
2.390107970839219498e-01
2.392585078600034942e-01
2.392447012627680891e-01
2.392454698780368261e-01
2.392454272904417367e-01
2.392454300565405312e-01
2.392454321492829827e-01
2.392454340217062270e-01
2.392454344811645039e-01
2.392454342757209251e-01
2.392454331946470558e-01
2.392454309305730165e-01
2.392454300079998042e-01
2.392454277358112835e-01
2.392454274627745792e-01
2.392454286350431114e-01
2.392454315925965080e-01
2.392454328222074211e-01
2.392454337505056094e-01
2.392454343792490834e-01
2.392454322371572739e-01
2.392454318931268586e-01
2.392454321151395724e-01
2.392454319409693386e-01
2.392454328181027046e-01
2.392454318668499336e-01
2.392454295599477365e-01
2.392454287732742879e-01
2.392454296738355524e-01
2.392454307313471862e-01
2.392454317954388066e-01
2.392454322526287591e-01
2.392454324369228391e-01
2.392454321075856982e-01
2.392454330650156669e-01
2.392454335029508550e-01
2.392454331254862676e-01
2.392454328710634237e-01
2.392454323033542662e-01
2.392454318940560876e-01
2.392454307812970915e-01
2.392454301276460138e-01
2.392454298179556016e-01
2.392454298856028505e-01
2.392454297921153550e-01
2.392454297669782404e-01
2.392454297452346612e-01
2.392454299603498369e-01
2.392454314066237431e-01
2.392454334931048143e-01
2.392454344353999729e-01
2.392454349191437957e-01
2.392454347919245328e-01
2.392454345298125340e-01
2.392454335965324141e-01
2.392454310371134041e-01
2.392454292886118661e-01
2.392454271984182645e-01
2.392454273513606733e-01
2.392454281190575516e-01
2.392454287627376608e-01
2.392454308344170999e-01
2.392454319903629112e-01
2.392454328243733275e-01
2.392454325414188343e-01
2.392454325921492542e-01
2.392454333737956962e-01
2.392454336382218438e-01
2.392454337182708390e-01
2.392454328818418852e-01
2.392454318153128812e-01
2.392454309854863403e-01
2.392454300124330913e-01
2.392454302404139754e-01
2.392454302129127242e-01
2.392454295566785183e-01
2.392454291868222616e-01
2.392454301841449027e-01
2.392454313725460580e-01
2.392454321951352214e-01
2.392454325131439241e-01
2.392454328280594067e-01
2.392454326705617251e-01
2.392454320060719564e-01
2.392454329827941317e-01
2.392454325081060096e-01
2.392454325485952327e-01
2.392454322708839343e-01
2.392454316506157641e-01
2.392454303536986349e-01
2.392454310749235757e-01
2.392454305313090057e-01
2.392454296571485117e-01
2.392454302768337315e-01
2.392454301418107943e-01
2.392454300151949931e-01
2.392454305191185626e-01
2.392454312217027756e-01
2.392454320670507895e-01
2.392454328900861793e-01
2.392454330274597918e-01
2.392454333183769710e-01
2.392454326043589041e-01
2.392454318840804561e-01
2.392454318048299056e-01
2.392454327358250199e-01
2.392454335974751323e-01
2.392454320419497849e-01
2.392454307556930171e-01
2.392454296314230622e-01
2.392454276699191029e-01
2.392454281441545039e-01
2.392454281759959500e-01
2.392454293536833421e-01
2.392454314148259042e-01
2.392454340142635416e-01
2.392454332834665631e-01
2.392454769027829442e-01
2.392447050406829590e-01
2.392585063500148601e-01
2.390107941989608742e-01
2.434557930585019292e-01
1.636935145727156093e-01
4.891272121120733840e-01
4.891272080079497320e-01
1.636935154352018584e-01
2.434557948470789102e-01
2.390107946283719920e-01
2.392585055149103190e-01
2.392446988528680318e-01
2.392454674817923455e-01
2.392454246386249150e-01
2.392454277686169861e-01
2.392454296722427709e-01
2.392454317335979963e-01
2.392454320781123023e-01
2.392454317047684187e-01
2.392454308262512153e-01
2.392454288184197586e-01
2.392454275465877855e-01
2.392454252519704838e-01
2.392454250657542192e-01
2.392454259074268674e-01
2.392454290112001891e-01
2.392454303591630693e-01
2.392454314996556863e-01
2.392454317649815587e-01
2.392454299093058345e-01
2.392454293698165202e-01
2.392454294938418380e-01
2.392454295749700532e-01
2.392454304448983216e-01
2.392454294362111600e-01
2.392454273554935895e-01
2.392454264017911114e-01
2.392454272240374102e-01
2.392454284495625361e-01
2.392454293324647874e-01
2.392454299984019539e-01
2.392454300098183217e-01
2.392454296984967976e-01
2.392454305922999680e-01
2.392454312596614951e-01
2.392454307576984684e-01
2.392454303042761965e-01
2.392454300958226920e-01
2.392454295510810514e-01
2.392454282194478032e-01
2.392454277034225529e-01
2.392454274979667062e-01
2.392454274270287840e-01
2.392454273295161471e-01
2.392454275924297546e-01
2.392454274706379280e-01
2.392454274789875823e-01
2.392454291708202008e-01
2.392454311571246550e-01
2.392454322822848978e-01
2.392454325702596807e-01
2.392454323981637043e-01
2.392454320866461981e-01
2.392454312164012109e-01
2.392454285751021703e-01
2.392454269759706209e-01
2.392454248642990333e-01
2.392454249427163893e-01
2.392454257490526093e-01
2.392454263660884484e-01
2.392454286262074292e-01
2.392454297062851787e-01
2.392454305535773318e-01
2.392454300037840653e-01
2.392454301425662178e-01
2.392454310017725627e-01
2.392454310289764130e-01
2.392454313534375654e-01
2.392454304526588915e-01
2.392454294665684045e-01
2.392454284365934380e-01
2.392454276481084108e-01
2.392454279187371247e-01
2.392454280791148913e-01
2.392454273465652870e-01
2.392454269376125542e-01
2.392454278504984877e-01
2.392454290717925813e-01
2.392454299236978221e-01
2.392454301225057089e-01
2.392454304075489480e-01
2.392454302130641308e-01
2.392454297636611160e-01
2.392454305776161860e-01
2.392454302077449690e-01
2.392454302795778420e-01
2.392454299341102708e-01
2.392454293158666756e-01
2.392454280158470004e-01
2.392454287259850876e-01
2.392454281502567615e-01
2.392454274270280623e-01
2.392454279446408760e-01
2.392454279387698501e-01
2.392454278457867567e-01
2.392454283404664428e-01
2.392454289046459237e-01
2.392454295308154288e-01
2.392454305470675391e-01
2.392454307359087318e-01
2.392454310888811053e-01
2.392454305086545718e-01
2.392454294685368854e-01
2.392454291859868465e-01
2.392454303134222970e-01
2.392454313272058541e-01
2.392454295528136099e-01
2.392454283793301884e-01
2.392454273270266107e-01
2.392454253176536927e-01
2.392454256438802385e-01
2.392454257846281518e-01
2.392454270766563307e-01
2.392454293129645526e-01
2.392454315627793870e-01
2.392454307789956824e-01
2.392454743777644999e-01
2.392447026629428153e-01
2.392585039645997724e-01
2.390107918234569695e-01
2.434557906078850253e-01
1.636935128480802304e-01
4.891272070825742335e-01
4.891272956540039241e-01
1.636935447050797132e-01
2.434558382901693130e-01
2.390108374889089726e-01
2.392585483175970751e-01
2.392447417511242014e-01
2.392455103669485494e-01
2.392454675114720208e-01
2.392454706353090432e-01
2.392454725328135856e-01
2.392454745505905311e-01
2.392454747872719001e-01
2.392454746231742757e-01
2.392454736186147013e-01
2.392454719693764831e-01
2.392454703124295146e-01
2.392454680680514145e-01
2.392454680493738550e-01
2.392454686442244127e-01
2.392454718200897890e-01
2.392454733148943746e-01
2.392454745321087040e-01
2.392454746816690681e-01
2.392454727271803305e-01
2.392454721013765329e-01
2.392454720495974518e-01
2.392454724548114253e-01
2.392454733131038347e-01
2.392454723096529012e-01
2.392454703920495196e-01
2.392454692975277131e-01
2.392454699551367914e-01
2.392454713627873986e-01
2.392454721211762780e-01
2.392454729911245581e-01
2.392454728683684750e-01
2.392454724540872824e-01
2.392454735793932974e-01
2.392454742418129165e-01
2.392454737028946177e-01
2.392454731855297723e-01
2.392454729884407327e-01
2.392454723818487061e-01
2.392454708562558874e-01
2.392454705395456183e-01
2.392454703582891085e-01
2.392454704164617418e-01
2.392454699105745208e-01
2.392454705474420240e-01
2.392454703391394544e-01
2.392454702070131167e-01
2.392454720309897254e-01
2.392454740921710066e-01
2.392454755342811046e-01
2.392454753409790913e-01
2.392454751826954829e-01
2.392454748478743121e-01
2.392454741807558127e-01
2.392454713504988673e-01
2.392454698776727839e-01
2.392454678220791719e-01
2.392454676481556020e-01
2.392454685535704284e-01
2.392454692283428053e-01
2.392454715774714191e-01
2.392454725971182306e-01
2.392454733094794284e-01
2.392454727261092429e-01
2.392454729798696167e-01
2.392454737781516683e-01
2.392454737440685986e-01
2.392454741733768264e-01
2.392454734468779098e-01
2.392454722979157067e-01
2.392454710011058805e-01
2.392454705322278607e-01
2.392454707605987940e-01
2.392454711270830536e-01
2.392454703297912377e-01
2.392454699036982435e-01
2.392454706645325557e-01
2.392454718237846945e-01
2.392454726425491118e-01
2.392454730339671487e-01
2.392454730163800225e-01
2.392454729282298131e-01
2.392454726927993325e-01
2.392454734185307241e-01
2.392454732299182096e-01
2.392454730676097374e-01
2.392454728727444468e-01
2.392454722078046214e-01
2.392454707517687185e-01
2.392454715005126742e-01
2.392454709437467075e-01
2.392454702664821020e-01
2.392454707410215098e-01
2.392454706021706901e-01
2.392454706852601698e-01
2.392454713038122960e-01
2.392454718701018390e-01
2.392454722714364157e-01
2.392454733765752295e-01
2.392454735878503658e-01
2.392454739404741293e-01
2.392454735792793608e-01
2.392454724877492167e-01
2.392454717896021488e-01
2.392454730882464520e-01
2.392454742645692689e-01
2.392454723176582199e-01
2.392454710902090775e-01
2.392454703153492623e-01
2.392454683163515450e-01
2.392454683249221614e-01
2.392454686512202611e-01
2.392454699269112306e-01
2.392454723202947775e-01
2.392454745356105417e-01
2.392454735872299176e-01
2.392455170678670362e-01
2.392447454111150951e-01
2.392585469856972624e-01
2.390108346200602307e-01
2.434558342471158932e-01
1.636935422584100408e-01
4.891272947814002126e-01
4.891257228057874218e-01
1.636930183839752362e-01
2.434550553121347660e-01
2.390100688879474855e-01
2.392577789394332022e-01
2.392439724882374219e-01
2.392447409671542846e-01
2.392446982777073350e-01
2.392447012218675284e-01
2.392447031972068650e-01
2.392447054352706548e-01
2.392447054343362633e-01
2.392447052801493501e-01
2.392447042104257071e-01
2.392447028375229434e-01
2.392447011109477273e-01
2.392446989877178853e-01
2.392446985786597924e-01
2.392446992868332012e-01
2.392447024579468229e-01
2.392447042526457957e-01
2.392447053216851527e-01
2.392447053975034765e-01
2.392447033986634664e-01
2.392447028590371505e-01
2.392447024608407302e-01
2.392447031034007632e-01
2.392447039344905158e-01
2.392447029610775544e-01
2.392447010787303596e-01
2.392446999003432773e-01
2.392447006708158797e-01
2.392447020850453632e-01
2.392447027835280793e-01
2.392447038308621043e-01
2.392447034167842213e-01
2.392447030422286125e-01
2.392447044370008824e-01
2.392447050012851406e-01
2.392447042478033636e-01
2.392447038539824988e-01
2.392447036005748706e-01
2.392447030065624480e-01
2.392447014696992280e-01
2.392447012214775071e-01
2.392447011878202356e-01
2.392447011917684385e-01
2.392447007807181059e-01
2.392447012054431110e-01
2.392447010712564215e-01
2.392447008803949560e-01
2.392447027809623261e-01
2.392447046977032310e-01
2.392447064608593799e-01
2.392447057139197586e-01
2.392447060452332075e-01
2.392447054404266416e-01
2.392447049467882891e-01
2.392447020133193214e-01
2.392447005273683203e-01
2.392446987892846155e-01
2.392446984050691783e-01
2.392446993568835278e-01
2.392447001011738794e-01
2.392447024356635366e-01
2.392447033897543152e-01
2.392447039362280425e-01
2.392447035146408330e-01
2.392447035458055982e-01
2.392447044125443345e-01
2.392447043420885544e-01
2.392447047820571160e-01
2.392447041269037955e-01
2.392447028858603331e-01
2.392447016346758715e-01
2.392447011865311002e-01
2.392447014832989605e-01
2.392447020081251152e-01
2.392447013570018211e-01
2.392447007873307885e-01
2.392447013700169933e-01
2.392447026186756420e-01
2.392447034531378358e-01
2.392447037963125744e-01
2.392447035811959277e-01
2.392447037337090965e-01
2.392447032744247637e-01
2.392447040843816708e-01
2.392447038496244294e-01
2.392447037464275894e-01
2.392447036090178669e-01
2.392447029588710972e-01
2.392447014376346270e-01
2.392447022408004664e-01
2.392447016258947012e-01
2.392447010157734977e-01
2.392447016051174602e-01
2.392447014591609911e-01
2.392447014761452662e-01
2.392447021491679593e-01
2.392447027513006641e-01
2.392447028738523551e-01
2.392447041543738218e-01
2.392447044714549886e-01
2.392447045106584069e-01
2.392447044165714465e-01
2.392447032776569005e-01
2.392447022753894370e-01
2.392447038057747000e-01
2.392447049832541195e-01
2.392447029263939096e-01
2.392447016997556741e-01
2.392447010952700459e-01
2.392446992025687169e-01
2.392446988144776021e-01
2.392446993967963231e-01
2.392447007304134843e-01
2.392447030219045090e-01
2.392447054365602621e-01
2.392447042752389730e-01
2.392447477944095735e-01
2.392439761660035968e-01
2.392577776053441962e-01
2.390100659791354609e-01
2.434550514494926432e-01
1.636930159221085535e-01
4.891257219408635670e-01
4.891539454378738272e-01
1.637024635758795865e-01
2.434691027363234395e-01
2.390238598163046124e-01
2.392715841136434651e-01
2.392577770041217911e-01
2.392585454429911329e-01
2.392585027304644507e-01
2.392585057120468761e-01
2.392585078349702410e-01
2.392585098496329277e-01
2.392585098495329521e-01
2.392585096452466975e-01
2.392585086443080600e-01
2.392585074908126219e-01
2.392585056516007558e-01
2.392585035147913042e-01
2.392585029432652277e-01
2.392585038221315408e-01
2.392585068725592290e-01
2.392585088908376623e-01
2.392585100583861646e-01
2.392585099150880412e-01
2.392585078815493704e-01
2.392585074230553777e-01
2.392585067260031007e-01
2.392585075874978096e-01
2.392585084145770757e-01
2.392585074742343554e-01
2.392585055657910353e-01
2.392585045380549724e-01
2.392585047951536759e-01
2.392585067174942681e-01
2.392585072535589608e-01
2.392585083144045111e-01
2.392585078865142600e-01
2.392585074576700499e-01
2.392585091863327906e-01
2.392585095815888130e-01
2.392585087162367175e-01
2.392585085341310813e-01
2.392585082125916196e-01
2.392585074183322669e-01
2.392585058870400627e-01
2.392585056062639659e-01
2.392585057319701891e-01
2.392585056594241644e-01
2.392585053644001591e-01
2.392585056325206849e-01
2.392585054614262408e-01
2.392585055795172777e-01
2.392585071616682990e-01
2.392585091986492718e-01
2.392585111056857450e-01
2.392585100273890708e-01
2.392585104723896627e-01
2.392585099702855544e-01
2.392585094810922297e-01
2.392585063611588347e-01
2.392585049202525793e-01
2.392585033338583966e-01
2.392585028606019903e-01
2.392585039071228881e-01
2.392585044069417688e-01
2.392585070689818849e-01
2.392585080153051269e-01
2.392585083181648087e-01
2.392585079229244682e-01
2.392585079854613050e-01
2.392585088666831783e-01
2.392585086285255180e-01
2.392585093087106207e-01
2.392585085721113947e-01
2.392585073579586719e-01
2.392585059085925447e-01
2.392585058202438830e-01
2.392585058626143790e-01
2.392585065432321356e-01
2.392585059479854503e-01
2.392585052078990693e-01
2.392585058469974268e-01
2.392585071470454960e-01
2.392585078467830417e-01
2.392585081720526585e-01
2.392585079050384700e-01
2.392585082193708912e-01
2.392585078404851628e-01
2.392585084781498339e-01
2.392585085459965066e-01
2.392585082156341025e-01
2.392585080575119483e-01
2.392585073919116512e-01
2.392585059085256538e-01
2.392585066850304309e-01
2.392585059902775368e-01
2.392585055575106034e-01
2.392585059857451069e-01
2.392585058080331228e-01
2.392585059467461361e-01
2.392585066617902434e-01
2.392585072920843936e-01
2.392585073784575245e-01
2.392585086563027430e-01
2.392585090344353793e-01
2.392585088599328003e-01
2.392585089911306584e-01
2.392585079121396507e-01
2.392585065149550050e-01
2.392585081943476855e-01
2.392585093828921705e-01
2.392585073747172386e-01
2.392585059812095960e-01
2.392585056255973619e-01
2.392585037984427954e-01
2.392585031069412449e-01
2.392585038235353345e-01
2.392585053693140895e-01
2.392585075308488740e-01
2.392585099157328310e-01
2.392585087242908859e-01
2.392585522067340598e-01
2.392577804851173939e-01
2.392715829847731346e-01
2.390238568241774275e-01
2.434690986454338679e-01
1.637024612654530420e-01
4.891539446539447389e-01
4.886475099418942092e-01
1.635329774768463640e-01
2.432170319156024829e-01
2.387763914511784324e-01
2.390238592769423909e-01
2.390100663737358966e-01
2.390108339750331712e-01
2.390107912978522431e-01
2.390107945286000790e-01
2.390107967213285500e-01
2.390107985650898326e-01
2.390107984930259499e-01
2.390107981978754903e-01
2.390107973276589248e-01
2.390107963502561828e-01
2.390107942234507565e-01
2.390107923390887845e-01
2.390107914786109289e-01
2.390107924552265506e-01
2.390107954568672921e-01
2.390107976218438790e-01
2.390107989442550873e-01
2.390107985462696927e-01
2.390107965992920025e-01
2.390107959528657011e-01
2.390107952644199563e-01
2.390107963391047974e-01
2.390107970430533912e-01
2.390107961374057233e-01
2.390107943323522000e-01
2.390107931069627989e-01
2.390107933060023060e-01
2.390107954391211542e-01
2.390107958977369107e-01
2.390107969447414493e-01
2.390107964818143915e-01
2.390107962316212753e-01
2.390107978705540981e-01
2.390107983993015328e-01
2.390107973561322874e-01
2.390107973495186333e-01
2.390107969287555423e-01
2.390107958557520507e-01
2.390107946509225367e-01
2.390107943148205849e-01
2.390107942513400585e-01
2.390107942387531270e-01
2.390107941217547161e-01
2.390107942519882900e-01
2.390107942769559013e-01
2.390107943893088616e-01
2.390107957923602033e-01
2.390107978340944295e-01
2.390107998917601340e-01
2.390107986498788140e-01
2.390107989748632700e-01
2.390107985946558211e-01
2.390107982046582036e-01
2.390107950010696147e-01
2.390107936197231053e-01
2.390107920275227338e-01
2.390107915808008521e-01
2.390107927567988177e-01
2.390107930750245968e-01
2.390107958229306662e-01
2.390107967849154080e-01
2.390107970658634506e-01
2.390107965324529404e-01
2.390107966195624545e-01
2.390107976001353551e-01
2.390107969715645764e-01
2.390107980099122342e-01
2.390107969443171221e-01
2.390107959876422161e-01
2.390107944415170438e-01
2.390107944358901837e-01
2.390107943882995023e-01
2.390107952999218077e-01
2.390107948431113571e-01
2.390107938097579821e-01
2.390107946629558000e-01
2.390107960886287686e-01
2.390107964931457718e-01
2.390107968810903927e-01
2.390107966195296196e-01
2.390107968710302733e-01
2.390107965857687089e-01
2.390107971966110301e-01
2.390107972389376445e-01
2.390107969734071025e-01
2.390107967108886788e-01
2.390107960215675231e-01
2.390107947097617758e-01
2.390107953399280283e-01
2.390107945354903451e-01
2.390107942789195805e-01
2.390107948045458175e-01
2.390107945869617834e-01
2.390107947540858480e-01
2.390107952892920884e-01
2.390107960402409748e-01
2.390107960516063557e-01
2.390107973672174480e-01
2.390107976521502198e-01
2.390107976046805804e-01
2.390107976577494076e-01
2.390107966192069888e-01
2.390107949797309894e-01
2.390107967969616609e-01
2.390107981405436566e-01
2.390107959568601170e-01
2.390107946947193363e-01
2.390107944206382729e-01
2.390107926623112888e-01
2.390107917056319697e-01
2.390107924602705713e-01
2.390107940877662096e-01
2.390107960874729154e-01
2.390107984820299403e-01
2.390107973275447661e-01
2.390108406121668749e-01
2.390100699779168225e-01
2.390238582240248599e-01
2.387763883448638380e-01
2.432170279218972553e-01
1.635329753500198435e-01
4.886475093320483132e-01
4.977351242557360722e-01
1.665742793676324995e-01
2.477402567521316545e-01
2.432170315737154087e-01
2.434691018490278691e-01
2.434550522670737849e-01
2.434558341157127548e-01
2.434557907707719238e-01
2.434557940345979110e-01
2.434557964345515080e-01
2.434557980356840956e-01
2.434557979401171524e-01
2.434557977459062272e-01
2.434557967877863938e-01
2.434557959487071710e-01
2.434557937445887554e-01
2.434557917028925267e-01
2.434557908924186997e-01
2.434557918607696825e-01
2.434557948471506861e-01
2.434557970566803564e-01
2.434557986754271319e-01
2.434557979774656655e-01
2.434557961678526783e-01
2.434557954836283622e-01
2.434557945043780980e-01
2.434557958188055815e-01
2.434557966033834564e-01
2.434557956015792057e-01
2.434557938145572864e-01
2.434557925314865534e-01
2.434557926045732568e-01
2.434557949573996904e-01
2.434557953341361658e-01
2.434557964623349779e-01
2.434557960614807670e-01
2.434557957281162921e-01
2.434557973927029551e-01
2.434557977165670850e-01
2.434557969337236283e-01
2.434557969145176304e-01
2.434557963856849583e-01
2.434557951738267612e-01
2.434557941148811078e-01
2.434557935861694500e-01
2.434557936880977214e-01
2.434557934044131733e-01
2.434557935905017900e-01
2.434557935823701835e-01
2.434557937862262544e-01
2.434557939470234078e-01
2.434557952219867927e-01
2.434557973608308945e-01
2.434557994577038198e-01
2.434557982102583396e-01
2.434557985785339440e-01
2.434557980470152261e-01
2.434557977614957291e-01
2.434557945351938923e-01
2.434557928970996488e-01
2.434557913948540431e-01
2.434557909660025055e-01
2.434557920417821930e-01
2.434557924169801491e-01
2.434557953289304411e-01
2.434557962380940466e-01
2.434557965535333324e-01
2.434557960426322054e-01
2.434557960853608871e-01
2.434557969377159348e-01
2.434557964292936028e-01
2.434557974864146046e-01
2.434557963114970247e-01
2.434557957306090481e-01
2.434557937974368425e-01
2.434557937944078487e-01
2.434557938163371127e-01
2.434557947681887102e-01
2.434557943125639778e-01
2.434557931707828637e-01
2.434557943229029298e-01
2.434557955639380655e-01
2.434557959832277796e-01
2.434557962543254239e-01
2.434557961379331115e-01
2.434557963956118232e-01
2.434557960141897348e-01
2.434557967940634560e-01
2.434557968702619757e-01
2.434557963994563867e-01
2.434557963065847874e-01
2.434557955287780240e-01
2.434557940501883844e-01
2.434557946706550069e-01
2.434557939877051991e-01
2.434557937562894514e-01
2.434557940721604197e-01
2.434557942073896919e-01
2.434557941771095246e-01
2.434557947716176896e-01
2.434557956059106298e-01
2.434557956552263203e-01
2.434557967313176474e-01
2.434557972020635619e-01
2.434557971377374619e-01
2.434557972762952105e-01
2.434557960262690446e-01
2.434557944748683145e-01
2.434557961962177108e-01
2.434557974533957669e-01
2.434557954431698090e-01
2.434557941435969985e-01
2.434557939315196706e-01
2.434557920300997602e-01
2.434557910096728783e-01
2.434557918141609378e-01
2.434557935713247134e-01
2.434557955542718533e-01
2.434557978785470422e-01
2.434557967793309075e-01
2.434558406498872341e-01
2.434550560027891608e-01
2.434691006216022358e-01
2.432170283141644462e-01
2.477402526845942365e-01
1.665742772017952678e-01
4.977351235795151041e-01
3.346645022912326239e-01
1.120003303942530559e-01
1.665742794548728256e-01
1.635329774673945358e-01
1.637024630873245568e-01
1.636930164356549255e-01
1.636935422052375744e-01
1.636935130350124501e-01
1.636935153167229651e-01
1.636935169248319721e-01
1.636935179878995505e-01
1.636935179191518763e-01
1.636935176958778382e-01
1.636935169749360597e-01
1.636935165793214908e-01
1.636935150862425525e-01
1.636935137437141308e-01
1.636935131355740369e-01
1.636935136489330589e-01
1.636935157989121703e-01
1.636935172524808246e-01
1.636935183480701661e-01
1.636935179035676202e-01
1.636935167261730495e-01
1.636935161981316333e-01
1.636935155169316203e-01
1.636935164648124497e-01
1.636935170498274028e-01
1.636935163280028582e-01
1.636935150630701996e-01
1.636935141493745527e-01
1.636935142890048323e-01
1.636935158760355058e-01
1.636935161529924077e-01
1.636935168651663663e-01
1.636935165966038885e-01
1.636935163451040398e-01
1.636935174179882935e-01
1.636935177011835663e-01
1.636935171454166615e-01
1.636935172586274356e-01
1.636935167752838205e-01
1.636935159674646756e-01
1.636935152926192183e-01
1.636935148806928086e-01
1.636935149484859409e-01
1.636935148651229022e-01
1.636935148547325192e-01
1.636935150594274191e-01
1.636935151737259897e-01
1.636935150790409799e-01
1.636935161604881062e-01
1.636935174017998817e-01
1.636935188455346801e-01
1.636935180693609715e-01
1.636935183194948573e-01
1.636935179128388984e-01
1.636935177597120261e-01
1.636935156116950396e-01
1.636935144847607160e-01
1.636935133964493028e-01
1.636935131984868785e-01
1.636935140286195356e-01
1.636935141656264137e-01
1.636935161964598318e-01
1.636935166551140020e-01
1.636935169980969773e-01
1.636935166874811387e-01
1.636935165636224376e-01
1.636935171853735049e-01
1.636935168972220578e-01
1.636935175258344699e-01
1.636935167585481798e-01
1.636935163597525444e-01
1.636935150627933933e-01
1.636935150533280758e-01
1.636935150328959199e-01
1.636935156915590439e-01
1.636935155392709174e-01
1.636935146793677409e-01
1.636935155790453233e-01
1.636935163502162560e-01
1.636935165336924625e-01
1.636935167792083756e-01
1.636935166151933796e-01
1.636935169183688366e-01
1.636935165403411163e-01
1.636935171228462438e-01
1.636935172370286573e-01
1.636935168482226144e-01
1.636935167683893078e-01
1.636935162309086367e-01
1.636935152759289303e-01
1.636935156554670256e-01
1.636935153866609094e-01
1.636935150233455039e-01
1.636935153291376455e-01
1.636935154099632694e-01
1.636935153072638094e-01
1.636935157144273623e-01
1.636935162450469938e-01
1.636935163303477603e-01
1.636935170781753379e-01
1.636935173409415634e-01
1.636935174141240790e-01
1.636935174258027925e-01
1.636935165378388402e-01
1.636935155376168793e-01
1.636935166523613150e-01
1.636935175374807372e-01
1.636935162084365014e-01
1.636935153902314977e-01
1.636935153181679203e-01
1.636935136608140828e-01
1.636935132482912059e-01
1.636935138186610406e-01
1.636935149037508364e-01
1.636935162362177509e-01
1.636935178401817126e-01
1.636935170768971104e-01
1.636935465286096236e-01
1.636930190047407863e-01
1.637024621965924021e-01
1.635329751529084052e-01
1.665742769134525847e-01
1.120003287633611760e-01
3.346645017521241994e-01
9.999999975958081544e-01
3.346645049331205546e-01
4.977351283324227271e-01
4.886475142080988210e-01
4.891539481042933568e-01
4.891257215391229263e-01
4.891272918577966866e-01
4.891272047561172065e-01
4.891272119355656867e-01
4.891272165538924077e-01
4.891272196370172742e-01
4.891272190823067745e-01
4.891272187200494947e-01
4.891272166449294190e-01
4.891272154485626356e-01
4.891272104348291516e-01
4.891272071297128043e-01
4.891272052243669233e-01
4.891272069144991241e-01
4.891272128792920615e-01
4.891272175656746768e-01
4.891272211456352270e-01
4.891272191372636469e-01
4.891272160410207737e-01
4.891272143313060150e-01
4.891272122100798758e-01
4.891272154045174236e-01
4.891272167614401645e-01
4.891272145354106371e-01
4.891272116122200586e-01
4.891272080088730489e-01
4.891272087481596809e-01
4.891272131962003944e-01
4.891272144848931025e-01
4.891272159460403057e-01
4.891272159066423764e-01
4.891272149352760557e-01
4.891272178682870564e-01
4.891272184947627055e-01
4.891272173446608029e-01
4.891272172163628751e-01
4.891272161518375183e-01
4.891272136651497737e-01
4.891272115939422904e-01
4.891272105044670027e-01
4.891272103459913811e-01
4.891272101863984312e-01
4.891272105598575837e-01
4.891272115055490532e-01
4.891272110470312739e-01
4.891272112351731649e-01
4.891272143176383924e-01
4.891272179363026495e-01
4.891272221715349811e-01
4.891272198620630896e-01
4.891272208897391449e-01
4.891272190064868686e-01
4.891272192242320793e-01
4.891272127399333702e-01
4.891272089788588628e-01
4.891272057212076585e-01
4.891272057210006019e-01
4.891272076341980912e-01
4.891272080106970344e-01
4.891272142624177865e-01
4.891272158172053630e-01
4.891272168060420422e-01
4.891272156045385899e-01
4.891272152966291697e-01
4.891272172099299098e-01
4.891272162173095350e-01
4.891272182456166129e-01
4.891272160005197267e-01
4.891272149163266580e-01
4.891272114724760645e-01
4.891272107302478966e-01
4.891272110419066510e-01
4.891272132314498644e-01
4.891272121130831319e-01
4.891272101273090311e-01
4.891272128808079045e-01
4.891272152558149844e-01
4.891272151996993167e-01
4.891272160254518386e-01
4.891272157140054699e-01
4.891272160658350354e-01
4.891272154840354269e-01
4.891272171934100133e-01
4.891272176271765360e-01
4.891272166858003367e-01
4.891272161077819813e-01
4.891272143364165381e-01
4.891272119177650923e-01
4.891272125737871623e-01
4.891272121369528159e-01
4.891272105708297513e-01
4.891272117152265508e-01
4.891272122008086254e-01
4.891272123133487693e-01
4.891272129233077415e-01
4.891272143986819532e-01
4.891272151283808656e-01
4.891272167445521735e-01
4.891272179549469024e-01
4.891272184757267105e-01
4.891272181066106950e-01
4.891272152687596853e-01
4.891272124753479056e-01
4.891272155843640612e-01
4.891272179868615400e-01
4.891272142030544390e-01
4.891272121823738162e-01
4.891272114554764960e-01
4.891272069068219874e-01
4.891272054720167684e-01
4.891272070262270288e-01
4.891272104372883511e-01
4.891272146629706552e-01
4.891272188637566520e-01
4.891272168095758266e-01
4.891273048713994376e-01
4.891257285137155519e-01
4.891539459415564783e-01
4.886475068553176593e-01
4.977351210374230672e-01
3.346645002152134341e-01
9.999999954534528612e-01
