1.000000000000000000e+00
3.346645018673706784e-01
4.977351251733012627e-01
4.886475111611944810e-01
4.891539455657556434e-01
4.891257222001726968e-01
4.891272953712357818e-01
4.891272101084512269e-01
4.891272159158945310e-01
4.891272139284406073e-01
4.891272129491748277e-01
4.891272123396570026e-01
4.891272110863480460e-01
4.891272113027485546e-01
4.891272138626815424e-01
4.891272152128544604e-01
4.891272154645093240e-01
4.891272138656291291e-01
4.891272113605200089e-01
4.891272099988289157e-01
4.891272103756472145e-01
4.891272137980339219e-01
4.891272161238219285e-01
4.891272152565367404e-01
4.891272156535172444e-01
4.891272155930335153e-01
4.891272120952759317e-01
4.891272091929595445e-01
4.891272123656964510e-01
4.891272123720443177e-01
4.891272165865990229e-01
4.891272171687075510e-01
4.891272141915949390e-01
4.891272127311527274e-01
4.891272102880095396e-01
4.891272128815525866e-01
4.891272129904571386e-01
4.891272127392927715e-01
4.891272135563954904e-01
4.891272159117004970e-01
4.891272156258347770e-01
4.891272144752636941e-01
4.891272121611000001e-01
4.891272102952970435e-01
4.891272098994893791e-01
4.891272131233080356e-01
4.891272165115927439e-01
4.891272167209510524e-01
4.891272138940148118e-01
4.891272118559471527e-01
4.891272117185483936e-01
4.891272109964988624e-01
4.891272111021361946e-01
4.891272150275138286e-01
4.891272169884092191e-01
4.891272089043998128e-01
4.891272950894475224e-01
4.891257229366585135e-01
4.891539455879271858e-01
4.886475110644259989e-01
4.977351257361488091e-01
3.346645026962959957e-01
9.999999993081013505e-01
3.346645031803515691e-01
1.120003292128951555e-01
1.665742784230155593e-01
1.635329766066679624e-01
1.637024621212632425e-01
1.636930168423627596e-01
1.636935433211257618e-01
1.636935147022081094e-01
1.636935167638850497e-01
1.636935159818819208e-01
1.636935156874972375e-01
1.636935155602376180e-01
1.636935151073312944e-01
1.636935151542825984e-01
1.636935160402976652e-01
1.636935164783733798e-01
1.636935165513594692e-01
1.636935160695517366e-01
1.636935151562546598e-01
1.636935146698131061e-01
1.636935148870032608e-01
1.636935159866242107e-01
1.636935167446547101e-01
1.636935164898716266e-01
1.636935166666295405e-01
1.636935165286602933e-01
1.636935154908668033e-01
1.636935144461590663e-01
1.636935154971212447e-01
1.636935155853666835e-01
1.636935169103464760e-01
1.636935171405172473e-01
1.636935161432130081e-01
1.636935156270319658e-01
1.636935148668511308e-01
1.636935156766600730e-01
1.636935157553691955e-01
1.636935156335200536e-01
1.636935159667794182e-01
1.636935166564067456e-01
1.636935166652643825e-01
1.636935162085504103e-01
1.636935154208135346e-01
1.636935147643895083e-01
1.636935147277272795e-01
1.636935157548900788e-01
1.636935169633730591e-01
1.636935169979775728e-01
1.636935160738339778e-01
1.636935153299362011e-01
1.636935153556992040e-01
1.636935150258599370e-01
1.636935151036813529e-01
1.636935163949168326e-01
1.636935170548182716e-01
1.636935143517426194e-01
1.636935431913413286e-01
1.636930170293882381e-01
1.637024622254557860e-01
1.635329765354783249e-01
1.665742785742833632e-01
1.120003295848839425e-01
3.346645029514606628e-01
4.977351255413179909e-01
1.665742778174258421e-01
2.477402551111089757e-01
2.432170303840199832e-01
2.434691004576609585e-01
2.434550528506562450e-01
2.434558357415818330e-01
2.434557932979709849e-01
2.434557962660823804e-01
2.434557951559165323e-01
2.434557947942532496e-01
2.434557945209971652e-01
2.434557938585008574e-01
2.434557939083073219e-01
2.434557952712014528e-01
2.434557958914349285e-01
2.434557960324679748e-01
2.434557952921566626e-01
2.434557939042838737e-01
2.434557932288617388e-01
2.434557935146400287e-01
2.434557951615657356e-01
2.434557962986964308e-01
2.434557959361068336e-01
2.434557960995058223e-01
2.434557959195342014e-01
2.434557943615364983e-01
2.434557928489421152e-01
2.434557944220457903e-01
2.434557946042367749e-01
2.434557964839954569e-01
2.434557967271012702e-01
2.434557953737005453e-01
2.434557945590034023e-01
2.434557935148319308e-01
2.434557946523144834e-01
2.434557947622994767e-01
2.434557946603602141e-01
2.434557951053582803e-01
2.434557961007691729e-01
2.434557961393514491e-01
2.434557954265821611e-01
2.434557943327881613e-01
2.434557933397641927e-01
2.434557932974498740e-01
2.434557948712421094e-01
2.434557965367149246e-01
2.434557967224864061e-01
2.434557953100859040e-01
2.434557942092537008e-01
2.434557942805443964e-01
2.434557936870074824e-01
2.434557938278386069e-01
2.434557957309666509e-01
2.434557967872534312e-01
2.434557927103578601e-01
2.434558356064638884e-01
2.434550531041008437e-01
2.434691006083382347e-01
2.432170303100944786e-01
2.477402552842654093e-01
1.665742784065246673e-01
4.977351251983089253e-01
4.886475112052255376e-01
1.635329759276567541e-01
2.432170301910017984e-01
2.387763902037887687e-01
2.390238580319490047e-01
2.390100668799615413e-01
2.390108355336666157e-01
2.390107938529877907e-01
2.390107967707862657e-01
2.390107956424747104e-01
2.390107952820380577e-01
2.390107950877858878e-01
2.390107943733229823e-01
2.390107944918684335e-01
2.390107957664380500e-01
2.390107964301250998e-01
2.390107965875790663e-01
2.390107958395829568e-01
2.390107944486129510e-01
2.390107937779292202e-01
2.390107940693714517e-01
2.390107957650827730e-01
2.390107967984681780e-01
2.390107964234578775e-01
2.390107965319197003e-01
2.390107963836428373e-01
2.390107948574850816e-01
2.390107934824557967e-01
2.390107949160893419e-01
2.390107952774289390e-01
2.390107969216187789e-01
2.390107972498945466e-01
2.390107958769819851e-01
2.390107951014845966e-01
2.390107941913760803e-01
2.390107951485729576e-01
2.390107952597709251e-01
2.390107952735200936e-01
2.390107956204237660e-01
2.390107965713297589e-01
2.390107966664126449e-01
2.390107959371374768e-01
2.390107948522471326e-01
2.390107939012113825e-01
2.390107938396096587e-01
2.390107954705494864e-01
2.390107970712110341e-01
2.390107972332362329e-01
2.390107958486523965e-01
2.390107947989854043e-01
2.390107948394245563e-01
2.390107942475487579e-01
2.390107943816336400e-01
2.390107962020269206e-01
2.390107972098503286e-01
2.390107932388250978e-01
2.390108353731857094e-01
2.390100671516068032e-01
2.390238582043714144e-01
2.387763902227134638e-01
2.432170304101873848e-01
1.635329765258076440e-01
4.886475108094269770e-01
4.891539465853533830e-01
1.637024618793876674e-01
2.434691008197746309e-01
2.390238585889736811e-01
2.392715829156057683e-01
2.392577774836285309e-01
2.392585469482437777e-01
2.392585052159694747e-01
2.392585081801091862e-01
2.392585070159458094e-01
2.392585066028424801e-01
2.392585064432978248e-01
2.392585056970871760e-01
2.392585058436479395e-01
2.392585070611448206e-01
2.392585077975190599e-01
2.392585079723553720e-01
2.392585072560159121e-01
2.392585058557244737e-01
2.392585051353829928e-01
2.392585053827812058e-01
2.392585071450560041e-01
2.392585081316031259e-01
2.392585077282895212e-01
2.392585078233943896e-01
2.392585076273969491e-01
2.392585060662152652e-01
2.392585049051398627e-01
2.392585061525381585e-01
2.392585066931701421e-01
2.392585081298274352e-01
2.392585085017911728e-01
2.392585071389478624e-01
2.392585063797324774e-01
2.392585056065061888e-01
2.392585063752871166e-01
2.392585065768408625e-01
2.392585066383606518e-01
2.392585068327654496e-01
2.392585078484149863e-01
2.392585080167138334e-01
2.392585072772884514e-01
2.392585062013733999e-01
2.392585052295016779e-01
2.392585051747884439e-01
2.392585068731302445e-01
2.392585084106619575e-01
2.392585085290968028e-01
2.392585071722156675e-01
2.392585061880086461e-01
2.392585061818061354e-01
2.392585056271733235e-01
2.392585057135647730e-01
2.392585075971716269e-01
2.392585084900299419e-01
2.392585046474304256e-01
2.392585467040659608e-01
2.392577776910181087e-01
2.392715832028918799e-01
2.390238585832076545e-01
2.434691011498514024e-01
1.637024625336634120e-01
4.891539461977047476e-01
4.891257238654214134e-01
1.636930167007631109e-01
2.434550533029081754e-01
2.390100675531736385e-01
2.392577776882419127e-01
2.392439730301220979e-01
2.392447424690528346e-01
2.392447007400284043e-01
2.392447036714118180e-01
2.392447025739141142e-01
2.392447020658107770e-01
2.392447019541222297e-01
2.392447012111872662e-01
2.392447013390022470e-01
2.392447025405697314e-01
2.392447033258692790e-01
2.392447035229850194e-01
2.392447028061251424e-01
2.392447014868091526e-01
2.392447006300836287e-01
2.392447009010146008e-01
2.392447026548968347e-01
2.392447035974792080e-01
2.392447031934532564e-01
2.392447032470397250e-01
2.392447030591269286e-01
2.392447014509278547e-01
2.392447005670504112e-01
2.392447016512060098e-01
2.392447022795218536e-01
2.392447036546799244e-01
2.392447039103527962e-01
2.392447027472065779e-01
2.392447019143660591e-01
2.392447012664702388e-01
2.392447017776974383e-01
2.392447021203788216e-01
2.392447021669870666e-01
2.392447022557596115e-01
2.392447033155872260e-01
2.392447035537934585e-01
2.392447028507510287e-01
2.392447017097191764e-01
2.392447007219512534e-01
2.392447006790141273e-01
2.392447024149638446e-01
2.392447039050406288e-01
2.392447040025360017e-01
2.392447026978212488e-01
2.392447017094689043e-01
2.392447016891071088e-01
2.392447011947356761e-01
2.392447012065087586e-01
2.392447031195262253e-01
2.392447040324778562e-01
2.392447001198349243e-01
2.392447421715564182e-01
2.392439732506108363e-01
2.392577779805867277e-01
2.390100676344792674e-01
2.434550536738060433e-01
1.636930174461342091e-01
4.891257234665007947e-01
4.891272969602548648e-01
1.636935431196830104e-01
2.434558362116911734e-01
2.390108361824550554e-01
2.392585471967134114e-01
2.392447424292981628e-01
2.392455119869096314e-01
2.392454702022381030e-01
2.392454731513566635e-01
2.392454720792176470e-01
2.392454714509869018e-01
2.392454714083733225e-01
2.392454706709092049e-01
2.392454707274251080e-01
2.392454719445755440e-01
2.392454727520949842e-01
2.392454730542911412e-01
2.392454723485196444e-01
2.392454710432923293e-01
2.392454700328302541e-01
2.392454703955591844e-01
2.392454721303270415e-01
2.392454729774649569e-01
2.392454725267078031e-01
2.392454725721152864e-01
2.392454723303153730e-01
2.392454708635732563e-01
2.392454701173671316e-01
2.392454710249698469e-01
2.392454717139593512e-01
2.392454730324123924e-01
2.392454731966933701e-01
2.392454721454750355e-01
2.392454713216151108e-01
2.392454707589835028e-01
2.392454711001798517e-01
2.392454715307781588e-01
2.392454716176901641e-01
2.392454716466198561e-01
2.392454726506252627e-01
2.392454730299819199e-01
2.392454723552455698e-01
2.392454711754232188e-01
2.392454700447227689e-01
2.392454701494130809e-01
2.392454718511766443e-01
2.392454733138362488e-01
2.392454733886322238e-01
2.392454721163265741e-01
2.392454711261679801e-01
2.392454711129770595e-01
2.392454707155501625e-01
2.392454706804046927e-01
2.392454725836214713e-01
2.392454734998492594e-01
2.392454695300089695e-01
2.392455116082897737e-01
2.392447427427193962e-01
2.392585474740846485e-01
2.390108362959483257e-01
2.434558367133506374e-01
1.636935439099940215e-01
4.891272964957372738e-01
4.891272044465038160e-01
1.636935120800165622e-01
2.434557901515315148e-01
2.390107908941431769e-01
2.392585018928474749e-01
2.392446971731778116e-01
2.392454667642413824e-01
2.392454248846987708e-01
2.392454279624014468e-01
2.392454268703103903e-01
2.392454261310220653e-01
2.392454261581681840e-01
2.392454254042102879e-01
2.392454253878209813e-01
2.392454267140043389e-01
2.392454275691625054e-01
2.392454278434689718e-01
2.392454272278990157e-01
2.392454258926826616e-01
2.392454247058707351e-01
2.392454252108551782e-01
2.392454268289638808e-01
2.392454277090740877e-01
2.392454271664694598e-01
2.392454272284092742e-01
2.392454269423606450e-01
2.392454255286466935e-01
2.392454250196265897e-01
2.392454256984322680e-01
2.392454265590314433e-01
2.392454277142278818e-01
2.392454277805009799e-01
2.392454268784276195e-01
2.392454260472954841e-01
2.392454256393665712e-01
2.392454257141485019e-01
2.392454263257520752e-01
2.392454263512557855e-01
2.392454264068710479e-01
2.392454272618905753e-01
2.392454278121378952e-01
2.392454271712494418e-01
2.392454259196986899e-01
2.392454247754111085e-01
2.392454249053134752e-01
2.392454265556873960e-01
2.392454280765958508e-01
2.392454280464114125e-01
2.392454268553712293e-01
2.392454258776751108e-01
2.392454258847584170e-01
2.392454254964701821e-01
2.392454254354721976e-01
2.392454273640424733e-01
2.392454281720881315e-01
2.392454243163507910e-01
2.392454662832419754e-01
2.392446974715921049e-01
2.392585023004175915e-01
2.390107909980066503e-01
2.434557906179194986e-01
1.636935130087588397e-01
4.891272039426520224e-01
4.891272969977072949e-01
1.636935430784040579e-01
2.434558361266939419e-01
2.390108361100980183e-01
2.392585470336120457e-01
2.392447424670985645e-01
2.392455120481451758e-01
2.392454701061808298e-01
2.392454732639968662e-01
2.392454721427780817e-01
2.392454713315960435e-01
2.392454713976222835e-01
2.392454706840386747e-01
2.392454706143513077e-01
2.392454719954248132e-01
2.392454729629312771e-01
2.392454731078954011e-01
2.392454726361820938e-01
2.392454712095534730e-01
2.392454699589673384e-01
2.392454705240588675e-01
2.392454721147946606e-01
2.392454728751699511e-01
2.392454723370482372e-01
2.392454723568185060e-01
2.392454720897752019e-01
2.392454707436444394e-01
2.392454704485195427e-01
2.392454709129938628e-01
2.392454719129452345e-01
2.392454728534843533e-01
2.392454729097477084e-01
2.392454721190094558e-01
2.392454712816701745e-01
2.392454710376420157e-01
2.392454708813408215e-01
2.392454715617642058e-01
2.392454716596892350e-01
2.392454716375580492e-01
2.392454724328000881e-01
2.392454731207707408e-01
2.392454725322710474e-01
2.392454710839481968e-01
2.392454700230045306e-01
2.392454701907111847e-01
2.392454717251282781e-01
2.392454734134606686e-01
2.392454732452057586e-01
2.392454720462831863e-01
2.392454712172039644e-01
2.392454711486161623e-01
2.392454708024164267e-01
2.392454707643972556e-01
2.392454726217883298e-01
2.392454734186868770e-01
2.392454695716225155e-01
2.392455115213875105e-01
2.392447427035188090e-01
2.392585476718494530e-01
2.390108361998802278e-01
2.434558365849360806e-01
1.636935440575702505e-01
4.891272964145134128e-01
4.891257239232392195e-01
1.636930166569803002e-01
2.434550531964267406e-01
2.390100674323781260e-01
2.392577775958887876e-01
2.392439730229811989e-01
2.392447426297838187e-01
2.392447007183602092e-01
2.392447038315065333e-01
2.392447027493442846e-01
2.392447018883456233e-01
2.392447019828831123e-01
2.392447012816260321e-01
2.392447012022360653e-01
2.392447025295602603e-01
2.392447036157419049e-01
2.392447037550245736e-01
2.392447033725459415e-01
2.392447017912431584e-01
2.392447005566237239e-01
2.392447011449295446e-01
2.392447026955401845e-01
2.392447033744067586e-01
2.392447028196912906e-01
2.392447027664689196e-01
2.392447026105793961e-01
2.392447012433446818e-01
2.392447011958594161e-01
2.392447014269458716e-01
2.392447025592971399e-01
2.392447032912055627e-01
2.392447033802195255e-01
2.392447025773773439e-01
2.392447018459940566e-01
2.392447016770107016e-01
2.392447014066835798e-01
2.392447020976165295e-01
2.392447022666499834e-01
2.392447022283255287e-01
2.392447029069395548e-01
2.392447037703090973e-01
2.392447031769484866e-01
2.392447015775971686e-01
2.392447005571974039e-01
2.392447007557184924e-01
2.392447023255095673e-01
2.392447039658492092e-01
2.392447038086927547e-01
2.392447025886447198e-01
2.392447018175992424e-01
2.392447017666098075e-01
2.392447013670158107e-01
2.392447014245464298e-01
2.392447031642557231e-01
2.392447039874836812e-01
2.392447001894502379e-01
2.392447420997715346e-01
2.392439732954166898e-01
2.392577782366192285e-01
2.390100675411398201e-01
2.434550535799114013e-01
1.636930177167417177e-01
4.891257233125977932e-01
4.891539466023649418e-01
1.637024618223744399e-01
2.434691005879143499e-01
2.390238583830432695e-01
2.392715827920145755e-01
2.392577774624820020e-01
2.392585471130577179e-01
2.392585051593292267e-01
2.392585082952708164e-01
2.392585072194908236e-01
2.392585063275946833e-01
2.392585064788390337e-01
2.392585057708664087e-01
2.392585056482912642e-01
2.392585070694194516e-01
2.392585081692200910e-01
2.392585082946900310e-01
2.392585078953036182e-01
2.392585062791245665e-01
2.392585050485168952e-01
2.392585056212797601e-01
2.392585071888594095e-01
2.392585077569646945e-01
2.392585072067187901e-01
2.392585071793951190e-01
2.392585070108898815e-01
2.392585057150837247e-01
2.392585058132104259e-01
2.392585059081289156e-01
2.392585071716069600e-01
2.392585076800490818e-01
2.392585077715677910e-01
2.392585070684399573e-01
2.392585063989606242e-01
2.392585063059274042e-01
2.392585058072549675e-01
2.392585065772027397e-01
2.392585067771562934e-01
2.392585067590810854e-01
2.392585072777404231e-01
2.392585083641490529e-01
2.392585076055500359e-01
2.392585060430452160e-01
2.392585049813596987e-01
2.392585052055729578e-01
2.392585068382406532e-01
2.392585084253228411e-01
2.392585083028349324e-01
2.392585070690154136e-01
2.392585063246200072e-01
2.392585062780352156e-01
2.392585058411962062e-01
2.392585059485024812e-01
2.392585076469239402e-01
2.392585084631040360e-01
2.392585046624465528e-01
2.392585465493343722e-01
2.392577777258434457e-01
2.392715835292353599e-01
2.390238584219877005e-01
2.434691009557609365e-01
1.637024629057395320e-01
4.891539459705663284e-01
4.886475112325471271e-01
1.635329758983003756e-01
2.432170299367082678e-01
2.387763900158659802e-01
2.390238578922866675e-01
2.390100669447815795e-01
2.390108357793002680e-01
2.390107938238859309e-01
2.390107970435172979e-01
2.390107958841803382e-01
2.390107949646591845e-01
2.390107951786916429e-01
2.390107944715306743e-01
2.390107943180316830e-01
2.390107957893173873e-01
2.390107969358519213e-01
2.390107969986573488e-01
2.390107966308025467e-01
2.390107950276190163e-01
2.390107936648578901e-01
2.390107943624302511e-01
2.390107959196244025e-01
2.390107963695228821e-01
2.390107958146724942e-01
2.390107957632208457e-01
2.390107955768948911e-01
2.390107943828769788e-01
2.390107945789909649e-01
2.390107944990343403e-01
2.390107958613794936e-01
2.390107962239729766e-01
2.390107962779160211e-01
2.390107957267458283e-01
2.390107950456056563e-01
2.390107951157413868e-01
2.390107943537745638e-01
2.390107952561719706e-01
2.390107954289278913e-01
2.390107954041378879e-01
2.390107958919433229e-01
2.390107970460722264e-01
2.390107962864212454e-01
2.390107947114498144e-01
2.390107936310169323e-01
2.390107939124537506e-01
2.390107955538380569e-01
2.390107971209266824e-01
2.390107969357891937e-01
2.390107957531514560e-01
2.390107950035338658e-01
2.390107949780875540e-01
2.390107945351370722e-01
2.390107947029134206e-01
2.390107963007349345e-01
2.390107971762421846e-01
2.390107932926429923e-01
2.390108351932849762e-01
2.390100671545518363e-01
2.390238586893536354e-01
2.387763900879993906e-01
2.432170302708627219e-01
1.635329770549787953e-01
4.886475105604994873e-01
4.977351255231148297e-01
1.665742778058342810e-01
2.477402547694617374e-01
2.432170300575966781e-01
2.434691002640127500e-01
2.434550528196192942e-01
2.434558359825959861e-01
2.434557932703456662e-01
2.434557965552603398e-01
2.434557953367804950e-01
2.434557943411804481e-01
2.434557946111381987e-01
2.434557939019157957e-01
2.434557937585622167e-01
2.434557952886017840e-01
2.434557964232248461e-01
2.434557965472137764e-01
2.434557961489842992e-01
2.434557944927236428e-01
2.434557930690127714e-01
2.434557938131168831e-01
2.434557954406472990e-01
2.434557958760422969e-01
2.434557952513229095e-01
2.434557951925220287e-01
2.434557949237708963e-01
2.434557937935357963e-01
2.434557941003824277e-01
2.434557939234757162e-01
2.434557954092960719e-01
2.434557956930841760e-01
2.434557956809452195e-01
2.434557952571262118e-01
2.434557945190932438e-01
2.434557946899407743e-01
2.434557937950057871e-01
2.434557947115448540e-01
2.434557948945235695e-01
2.434557948131317040e-01
2.434557953120589091e-01
2.434557965542683278e-01
2.434557957348570945e-01
2.434557942377980344e-01
2.434557929983995894e-01
2.434557933788628614e-01
2.434557951164889600e-01
2.434557965823654913e-01
2.434557964146902287e-01
2.434557952693958971e-01
2.434557944358932691e-01
2.434557944773615423e-01
2.434557939919684277e-01
2.434557941473439457e-01
2.434557957563109887e-01
2.434557966422904174e-01
2.434557927075919614e-01
2.434558353878084336e-01
2.434550530312704075e-01
2.434691010864707961e-01
2.432170301870887896e-01
2.477402551314310530e-01
1.665742790011386365e-01
4.977351248365509684e-01
3.346645031825376537e-01
1.120003292594875244e-01
1.665742782143850298e-01
1.635329763522689328e-01
1.637024620449700485e-01
1.636930168422171816e-01
1.636935434574172121e-01
1.636935147475709340e-01
1.636935169505552845e-01
1.636935161491996915e-01
1.636935154400403769e-01
1.636935156315660611e-01
1.636935151205160255e-01
1.636935150955174390e-01
1.636935161169408570e-01
1.636935168343813529e-01
1.636935169578302707e-01
1.636935166176142487e-01
1.636935156036039285e-01
1.636935146103861705e-01
1.636935151029743074e-01
1.636935162080968287e-01
1.636935164548563026e-01
1.636935160641551923e-01
1.636935160007947365e-01
1.636935157796860218e-01
1.636935150551908635e-01
1.636935152768205781e-01
1.636935151363354268e-01
1.636935161828977636e-01
1.636935162840249536e-01
1.636935162917403097e-01
1.636935160817586388e-01
1.636935155534945951e-01
1.636935157291194709e-01
1.636935150240763637e-01
1.636935156969386573e-01
1.636935157825299691e-01
1.636935157597892154e-01
1.636935160451519489e-01
1.636935169764525133e-01
1.636935163489400269e-01
1.636935153969768797e-01
1.636935145201615649e-01
1.636935148301229825e-01
1.636935160114711130e-01
1.636935169510295163e-01
1.636935168643122440e-01
1.636935160577699111e-01
1.636935154728610398e-01
1.636935155546516973e-01
1.636935152265925342e-01
1.636935152895661327e-01
1.636935164465714021e-01
1.636935170233358994e-01
1.636935143286798455e-01
1.636935430001155711e-01
1.636930170273454832e-01
1.637024625951578050e-01
1.635329764816680354e-01
1.665742784666842946e-01
1.120003299974802052e-01
3.346645027172862052e-01
9.999999999371180781e-01
3.346645017562653313e-01
4.977351245672556601e-01
4.886475105428543797e-01
4.891539451450282461e-01
4.891257223512082142e-01
4.891272959040531831e-01
4.891272100996861272e-01
4.891272166851826642e-01
4.891272141624018466e-01
4.891272121240951010e-01
4.891272126328828906e-01
4.891272111184267746e-01
4.891272112240646064e-01
4.891272139934084717e-01
4.891272162552666170e-01
4.891272166343355599e-01
4.891272157067780846e-01
4.891272125326932008e-01
4.891272096621090415e-01
4.891272111930257682e-01
4.891272143614467938e-01
4.891272151788787492e-01
4.891272139739914482e-01
4.891272136918204394e-01
4.891272130425413089e-01
4.891272109084239816e-01
4.891272117759820626e-01
4.891272110820750196e-01
4.891272144017138057e-01
4.891272145327110743e-01
4.891272147367086154e-01
4.891272141283655173e-01
4.891272125309332752e-01
4.891272132541078510e-01
4.891272108370335880e-01
4.891272126696910028e-01
4.891272133160673996e-01
4.891272127282155768e-01
4.891272140307147409e-01
4.891272165366208902e-01
4.891272150053718737e-01
4.891272118842772132e-01
4.891272095031950484e-01
4.891272103803401827e-01
4.891272138270334469e-01
4.891272166753115047e-01
4.891272162258439860e-01
4.891272139391235063e-01
4.891272123054779541e-01
4.891272123200039457e-01
4.891272115914379048e-01
4.891272116662961911e-01
4.891272152453070565e-01
4.891272166289882817e-01
4.891272089967561021e-01
4.891272944376218179e-01
4.891257226765152732e-01
4.891539468783641653e-01
4.886475108127092959e-01
4.977351254806879344e-01
3.346645042862804731e-01
9.999999984775449491e-01
